7.976747704866284039e+02
-2.476210627722321078e+03
2.347576100691199827e+03
-3.143785672995894856e+03
-6.694547762565005542e+03
-3.852575261568028509e+03
1.545482968387310393e+03
-1.323264218233336578e+03
3.569976985481122392e+04
-1.196069486216732184e+04
-4.495977425147139002e+02
3.113079196662496543e+03
1.438192615800793283e+04
-3.547945601062849164e+03
-2.726420592709662742e+03
-1.393824168735166313e+04
7.244608225688218226e+03
-7.983917809411184862e+03
-1.255076280423905700e+03
9.800814277529716492e+02
-7.283454291806701804e+02
1.603345090518268989e+03
3.065382858423050493e+03
1.559514501508232206e+04
-1.280979474366671639e+03
-1.294928228736089659e+04
-1.016402624561027915e+04
8.799506216396366653e+03
-1.995473363823606633e+03
5.196302489611436613e+03
-4.856406087403360289e+03
1.217005877746417536e+04
-1.360689554882480297e+04
4.312593918628757820e+03
-1.146623030023014871e+04
1.037635419835068751e+04
9.656059518309895793e+03
-6.577621813704987289e+03
1.010777199685887172e+04
-1.250109603959077504e+03
1.115046176302194363e+04
1.400752996077804710e+03
-3.639760457455966389e+03
6.133008559640293242e+02
7.121498095792339882e+03
-1.552916454700217582e+04
3.934872077153023565e+04
-6.011724713491537841e+03
5.317429030737490393e+03
-7.250544371332649462e+03
-1.505296192151377909e+03
1.682312868664096459e+04
1.263122270676805783e+04
3.046515394299232867e+03
9.848943425606004894e+03
7.918944534267298877e+03
-9.798595936311408877e+03
-2.658699125145192374e+04
1.478008231733093635e+04
-3.932011049981549149e+03
-1.234878669399159844e+04
-3.656773288091819268e+03
-1.120629413753316840e+04
-1.248245441075439157e+04
-2.112967375057020399e+04
-5.441287187946727499e+01
-4.611134760596556589e+03
-1.403167142252867052e+04
1.165018878708156990e+04
8.521055567224451806e+03
5.242342840928584337e+03
-1.169201269861539186e+04
2.828782749598118244e+03
2.485518387791958230e+04
2.694400772419205168e+04
1.680602603297278984e+04
-9.643759404173761141e+02
1.288527510933251324e+04
-7.240714921682520071e+02
1.167897100748194498e+04
-2.524180574915022589e+03
-1.092683578084279725e+04
1.187628261781879701e+03
-1.897041052117489744e+04
3.359618338354048319e+03
-2.067857249244549894e+04
2.712030622926977230e+02
7.974565961601911113e+03
2.040280103059600515e+04
1.052079132691728591e+04
6.064735191341722384e+03
3.403731804870243650e+03
1.531738302102894522e+02
4.200891013071872294e+03
4.467310554865125596e+02
-1.531300528756724088e+04
8.033337965512298979e+03
-2.863413464629848022e+02
-6.598715954423507355e+03
-1.373074867047119187e+04
