-1.499743937072546032e+03
-6.200151528920847340e+03
5.165698319598417584e+03
-1.433219170466327341e+02
-9.454562180813174564e+03
-1.043959355436245096e+04
8.548139531521475874e+03
4.893658395161619410e+02
5.609168548010275117e+04
-2.022679065574351625e+04
-2.196969635922254383e+03
2.698097069440671476e+03
2.493856991137436853e+04
1.828842374220461352e+03
-6.255694707675269456e+03
-2.512017332618044748e+04
3.033046572842004025e+03
-1.333358001559036711e+04
-6.863657871562820219e+03
-2.034426506020012312e+03
5.090427141154395940e+02
1.688578503291937523e+02
6.385588226808082254e+03
2.647244845079001971e+04
-6.662668199317995459e+03
-2.117915476605352160e+04
-2.117058199086603418e+04
9.781450406748674141e+03
-9.434319971020173398e+03
2.961739875803043105e+03
-4.546518471707422577e+03
3.060273374708207848e+04
-2.392237525877487496e+04
2.630788560688000871e+03
-1.978949010142127372e+04
1.793131007935182424e+04
1.817868489662634965e+04
-8.284530565955137718e+03
1.438270636683126577e+04
1.498575259583216393e+03
2.005377253262669910e+04
8.268035802057500405e+03
-4.431768032167077763e+03
3.387449486096407782e+03
1.793416320988651569e+04
-3.144395460570667638e+04
5.874906835866739857e+04
-1.749192501770019589e+04
1.549920963532427413e+04
-1.083857989926423033e+04
-2.752809073226126202e+03
2.862597993314098130e+04
2.599393004966502485e+04
3.879626121539244195e+03
1.388299779570912506e+04
1.553243378185794427e+04
-1.242449972525257908e+04
-4.678758298734913114e+04
2.542175004531599552e+04
-9.777963201945742185e+03
-1.512473577405027754e+04
-5.696452669392077951e+03
-2.454872293003908999e+04
-2.708830616240444215e+04
-3.225294837058894336e+04
-3.824054278078896459e+03
-7.039061775502472301e+03
-2.355447844963114767e+04
2.069437153877304809e+04
1.087431742752296122e+04
9.788531672681972850e+03
-1.137164321582512821e+04
6.845928302785163396e+03
4.143741477202311216e+04
4.612742426906827313e+04
2.852978328885952214e+04
2.655348418019231758e+03
2.049897417048416537e+04
-1.557963346000178717e+01
1.907995632276827382e+04
-4.023136271079041762e+03
-2.270691917275783271e+04
3.393620749607784091e+03
-2.784385364823584678e+04
5.747421444861538475e+03
-3.839951983127104177e+04
-3.224737817382709181e+03
1.669964483437922172e+04
3.593413922863462358e+04
1.328605465525184263e+04
3.877023202478820167e+03
-7.567351518477204081e+03
1.588838824170765292e+03
1.874646016138081905e+03
-3.069157216124650404e+03
-1.880123497216452233e+04
9.107822731149501124e+03
5.547230572309352283e+03
-1.098095709524404447e+04
-1.890129976758412886e+04
