-5.439852753588536871e+03
-1.172138347628913471e+04
7.310440959429099166e+03
-3.004573549149041355e+03
-1.617065097460952165e+04
-1.334837849627868854e+04
1.264426398092869204e+04
-5.560062107973644743e+02
8.759192365735631029e+04
-2.931276190213256996e+04
-2.363107794482355530e+03
4.439861779448656307e+03
3.613964046370925644e+04
-7.488802778633034904e+02
-1.117090785297264665e+04
-3.504710752468694409e+04
6.051799851339852466e+03
-1.825350892642805411e+04
-9.839614547787576157e+03
3.473913814718252979e+01
-2.269445855409783690e+03
1.264706129152837093e+02
6.268526635371228622e+03
3.916329935803276021e+04
-7.014281902726772387e+03
-2.956079887773284281e+04
-3.213839882160016714e+04
1.086813242465767144e+04
-1.215979617621310899e+04
4.921784439073053363e+03
-5.749224659731582506e+03
4.726910174461311544e+04
-3.694278910428454401e+04
1.663797791109842365e+03
-2.795181089206784236e+04
2.486873554613493616e+04
2.521816147962035757e+04
-9.731737261652888265e+03
2.629464564869079186e+04
4.570281906129945128e+03
2.834985764949029544e+04
1.109985970640991582e+04
-5.272941033336108376e+03
5.513008081078114628e+03
2.837723875770084487e+04
-4.867109425640778500e+04
9.571870773436067975e+04
-2.396181922821314947e+04
2.333178573684594812e+04
-1.747083985969410060e+04
-6.153156016745335364e+03
4.461309836060798261e+04
3.820171564526970906e+04
6.357054359180005122e+03
2.110707122402563982e+04
2.247664210416088463e+04
-1.748900625886622583e+04
-7.377074298749468289e+04
3.674156647160798457e+04
-1.223385355206777604e+04
-2.591289764880738949e+04
-7.549742452588652668e+03
-3.431372575425887044e+04
-4.212859393241781072e+04
-4.937647094947576261e+04
-7.431405871347475113e+03
-1.284399715744520654e+04
-3.598429646723998303e+04
2.884414870053275808e+04
1.777603527745657630e+04
1.578981246005925641e+04
-1.604193440551547610e+04
1.612388271822644310e+04
6.270039397088674014e+04
7.175021428353330703e+04
4.204886762265420111e+04
-1.661809596776392027e+03
3.309518802319908718e+04
3.860568627963511972e+02
3.068957040138010052e+04
-5.603675673475154326e+03
-3.252364966613172146e+04
5.727802237316238461e+03
-4.370595302105409792e+04
1.137271992590477748e+04
-5.772117984154330043e+04
-5.163105428549548378e+03
2.240508566604510997e+04
5.425943078477791278e+04
2.323656769445765531e+04
9.976417489178689721e+03
-8.203810180609289091e+03
3.893730704841436818e+01
6.264559232331826934e+03
1.708195423021970782e+02
-3.359611336531915731e+04
1.360279709197408556e+04
8.064020358031862088e+03
-1.613491571709524214e+04
-2.962669054807110297e+04
