-1.298361799553529636e+03
-1.162228134848177433e+04
2.841369752814280218e+02
-2.739301511583653337e+02
-2.176885087246880357e+04
-1.450868474433969277e+04
4.255449890635602060e+03
-6.574276790306372277e+03
9.226775326900815708e+04
-3.180080746353032737e+04
-4.337852184585043688e+03
4.355613915582420304e+03
3.939250254193245200e+04
-2.093149647287395055e+03
-1.052364904735027812e+04
-3.970496645859252021e+04
1.298823186842633004e+04
-2.085065575871380861e+04
-8.601325029433108284e+03
1.005768073487532092e+03
-8.562929004729812732e+01
-3.012420284206760698e+03
8.946754630796247511e+03
3.871431994783610571e+04
-2.734574842360729235e+03
-3.460527274892149580e+04
-3.546123584628741810e+04
1.642370894165556456e+04
-1.074317575182352448e+04
7.495185860221325129e+03
-1.023090092467053910e+04
4.434342882672507403e+04
-4.044127444457494130e+04
9.518738694891988416e+03
-3.053484436437035038e+04
2.563547979703912279e+04
2.707953596139924775e+04
-1.801287662055339024e+04
2.539582662049156716e+04
1.501367226028385630e+03
3.006130224504198122e+04
6.363123832028366451e+03
-1.618171845993245370e+04
1.056807621995649970e+04
2.497430743771618290e+04
-4.392220433382128249e+04
1.022487687007029454e+05
-2.300001739050430479e+04
2.251239987310404831e+04
-1.555189043630761080e+04
-4.768644593154960603e+03
4.501744873252642719e+04
4.855061462278646650e+04
3.999208925564387755e+03
2.184855068741072319e+04
2.449666940571396117e+04
-2.030407114361959611e+04
-7.232384423046243319e+04
4.819710835604325985e+04
-9.392933129270439167e+03
-3.152866316683332843e+04
-4.409039050016202964e+03
-3.615157155451456492e+04
-4.690642579087795457e+04
-6.140679564422913245e+04
1.300567206555191660e+03
-7.873402426701853983e+03
-3.686946808329228224e+04
3.249870290376991034e+04
1.922937369330232468e+04
1.652613570082186197e+04
-2.571944663339965336e+04
1.303765976765195956e+04
6.951937173007629463e+04
7.405515084997168742e+04
4.841396838142078923e+04
1.435914009296127915e+03
3.036111367684461948e+04
3.293983217027926003e+03
3.404649810980637267e+04
-8.595900706475033076e+03
-3.357728550416334474e+04
5.588191690309016849e+03
-4.837598205081731430e+04
1.535764848466918920e+04
-6.220482258700582315e+04
-2.972907262248896586e+03
3.195333661800231494e+04
5.159109801648756547e+04
2.498747852765061543e+04
2.042967206206199626e+04
-2.033680941881546460e+03
2.191723289362023934e+03
1.124864205047092037e+04
-1.074623284224639065e+03
-3.897942003680310881e+04
1.687244561983657331e+04
1.588903266550274566e+03
-2.215686786171800486e+04
-3.293605074162303936e+04
