-2.343811086157418322e+04
-1.293736678917364770e+03
2.627286724051122292e+03
-3.306658323675757856e+03
-3.030244834717800404e+04
1.027580187055876740e+04
7.153712716306683433e+03
-4.208940743586019380e+03
9.573159158984158421e+04
2.410014251139517000e+03
1.105630018622186617e+04
9.743434292518999428e+03
6.455610595375597768e+03
-1.191259106684210565e+04
-2.369790277364599024e+04
-3.047628619021477425e+04
2.132857626925124350e+04
-4.606773316358013835e+04
-4.742875227723488933e+02
1.798372833690679545e+04
-2.219569932238390902e+04
8.871687773390447546e+03
1.093101997993711848e+04
4.494315490687552665e+04
8.435964495586486009e+03
-5.411258341993958311e+03
-4.417180179745801433e+04
-1.300861117123314762e+04
4.513234275951603195e+03
-1.013650664442969719e+04
-3.229704139859291899e+03
4.997421342653813190e+04
-6.918911271677518380e+04
-2.202871315017833695e+03
-8.202010285821679645e+03
1.597275524145163945e+04
2.406804127190538566e+04
-1.928981344297109172e+04
4.951455833183773211e+04
6.300230560986674391e+02
7.651480954748534714e+03
2.269318481239429093e+04
-5.962025367835129146e+03
-9.594306605999197927e+03
2.059250080862085451e+04
-3.577648608018711093e+04
1.457027155638680852e+05
-1.778976945947572312e+04
9.882144719436757441e+03
-1.225912527857903115e+04
-2.338712308182132256e+04
6.176697942822279583e+04
3.331002093215074274e+04
3.142230147433390812e+03
1.357153667570681864e+04
5.337123305187982623e+03
-2.407458874649284917e+04
-7.201361204896405980e+04
2.504814485440141289e+04
-1.645177136988932034e+04
-5.006005196160344349e+04
9.653690403654400143e+02
-6.355210410065890756e+03
-3.356984857722290326e+04
-3.824231942787792650e+04
1.338592289192124736e+04
-9.510769961594181950e+03
-5.014262587489315774e+04
1.586052539809412701e+04
2.303270207692696567e+04
7.104933792689422262e+03
-5.330513394372581388e+04
2.356471779732603318e+04
7.109672095459169941e+04
7.690001360135883442e+04
4.259190417506678932e+04
-5.533156612617320206e+03
4.150567457765585277e+04
3.101064993714731827e+03
6.514282434781572374e+04
-7.794413439580530394e+03
-2.117271612950443523e+04
6.615785756091900112e+02
-6.993960905707874917e+04
1.001254432985418316e+04
-5.932278840981474787e+04
1.052048738029147353e+04
-9.779581311222143995e+03
5.633003799181294744e+04
5.422224410849586275e+04
5.895891183363078744e+04
3.751137032653459028e+04
6.786913514974819009e+03
3.623095643154020945e+04
4.376527108905421483e+04
-7.080346594941380317e+04
-5.854254479961673496e+02
-6.376711790880410263e+03
-4.109127176968069762e+03
-1.520484504235332133e+04
