-2.400154014858468145e+04
-3.328672184360981191e+03
3.254342384809726354e+03
-1.382008896011771867e+03
-2.701299174468289129e+04
6.867324855637867586e+03
1.137243668510018324e+04
-5.328362664677879366e+03
9.965661437736568041e+04
-5.503650870494024275e+03
6.410267544705900946e+03
7.740984960060581216e+03
1.477273444692644262e+04
-2.771115867793892903e+03
-2.154019982913251442e+04
-3.339490823575905961e+04
1.105801176697637493e+04
-4.873784960938703443e+04
-5.735792176350754744e+03
1.680306905427917081e+04
-2.151030925662438676e+04
9.337512891681806650e+03
1.270806785528702312e+04
4.378163585270149633e+04
2.982230583602322440e+03
-1.245926478022419906e+04
-4.787362501085450640e+04
-1.625458562669556341e+04
-2.106655830463893835e+03
-8.017744260787076200e+03
-2.141528229053856194e+03
5.626583494472090388e+04
-6.768388593780831434e+04
-4.176706431774968223e+03
-1.220696171475603478e+04
2.213351452309190063e+04
2.587025528353312984e+04
-1.891363612616750470e+04
4.730444220988768939e+04
1.195470796788860753e+03
1.884426938732192502e+04
2.410609297382934892e+04
-3.969929702134541003e+03
-5.385408618134937569e+03
3.003469641685717215e+04
-4.465198673864826560e+04
1.496648920851584699e+05
-2.090356283146948408e+04
1.432681861072106403e+04
-1.350725955369254370e+04
-1.845210494187581207e+04
6.593319018538258388e+04
3.134350720375621677e+04
5.722272634181290414e+03
2.098368462531024852e+04
1.078724271343160217e+04
-2.052392338688205200e+04
-8.076586369411104533e+04
3.170678941382380435e+04
-1.914201067503533341e+04
-4.624973618236431503e+04
-4.908409821681416361e+02
-1.282713057606957591e+04
-3.780224953630089294e+04
-4.350104751767824928e+04
9.259592342975389329e+03
-7.416190091751806904e+03
-5.228110479646665044e+04
1.730143109176433063e+04
1.902737117202064837e+04
1.341099668680400646e+04
-4.710767295827584894e+04
2.873434018982790440e+04
7.432564128155357321e+04
8.470448614888309385e+04
4.208904491264535318e+04
-5.026603499861492310e+03
3.922959925482991093e+04
2.536853498809396115e+03
5.842982628708676930e+04
-8.269275823703181231e+03
-3.122800693929540284e+04
8.740039842283003964e+02
-6.811140607384921168e+04
9.704533444609653088e+03
-6.543804675216335454e+04
9.355927023756734343e+03
-4.258496301311904972e+03
6.027964688548668346e+04
5.196484114026275347e+04
4.924071661578269413e+04
2.807911833985066187e+04
7.530997779848308710e+03
3.189763708340445010e+04
3.588776306162425317e+04
-7.005821643814622075e+04
2.360060419520646974e+03
-4.855031215211536619e+03
-3.139709522706433745e+03
-2.116852510655723745e+04
