-8.824206987730751280e+03
-2.648705426311147312e+04
1.614987613393136780e+04
-1.548444102351459151e+01
-3.506866256962731859e+04
-2.562476772656218236e+04
2.494342909122413403e+04
3.017474975488461496e+03
1.791385345919282117e+05
-6.369170128603122430e+04
-6.113741453197068040e+03
7.259107126755843638e+03
7.470911724676520680e+04
-3.920962178816225787e+02
-1.850653051761542156e+04
-7.715672274080834177e+04
1.252598278719457267e+04
-3.621677486804733053e+04
-1.226679977276267891e+04
3.678604970337459235e+03
-3.753886805499329057e+03
-4.351357193726791593e+03
1.093489207730870112e+04
8.265724896345360321e+04
-1.817446266651158658e+04
-6.499990830364089925e+04
-6.683955670006469882e+04
2.730401101216451207e+04
-3.312568687512695033e+04
1.149770141638190398e+04
-1.456787834871053201e+04
9.821190993829231593e+04
-7.369606823830978828e+04
9.312184309199365089e+03
-6.414495057455084316e+04
5.294178838670758705e+04
5.694431352660939592e+04
-1.770634398039916414e+04
4.339952107420448738e+04
5.228146304392292222e+03
6.024511509752186976e+04
2.104536624223724721e+04
-1.364590022173049510e+04
1.615062068731457111e+04
5.601842825123596413e+04
-9.916429686483705882e+04
1.866758458820306114e+05
-4.685690994226803741e+04
4.596668051111281966e+04
-3.267610544478830343e+04
-1.127672141634787113e+04
9.211371516008430626e+04
7.698113327869765635e+04
1.257041149578767363e+04
4.187639146378177247e+04
5.076915643297558563e+04
-3.420741418281188817e+04
-1.475458495407189475e+05
7.953132809061752050e+04
-2.718879145706588315e+04
-5.128312964309840754e+04
-2.376665281652218982e+04
-7.258092226870317245e+04
-9.215817018922253919e+04
-1.031612150835012581e+05
-1.339088249440248364e+04
-2.211383077781111206e+04
-6.940234693787814467e+04
6.398963211384048918e+04
3.383134435046772705e+04
3.072233739350617543e+04
-3.438975838498577650e+04
2.653081472282279356e+04
1.274274816470999358e+05
1.412602551864218840e+05
9.604233129750096123e+04
3.496363489245740311e+03
6.660510077735947561e+04
2.424633097169891698e+03
5.821315555220084207e+04
-1.612789381586760283e+04
-6.769340761962818215e+04
1.263562554436225400e+04
-9.314218521077792684e+04
1.966237334634867875e+04
-1.137860348126126919e+05
-1.406283491665539623e+04
4.559176110481184151e+04
1.077037181240137725e+05
4.878549912869134278e+04
1.681415906482603896e+04
-1.372625699524934316e+04
4.702523498128000938e+03
7.082052482303319266e+03
-2.533169829875599135e+03
-6.317996326936176047e+04
3.302889666889104410e+04
1.600849481779239795e+04
-3.556166641006705322e+04
-6.037887205901372363e+04
