-3.674284296241137054e+04
-5.243719868387051974e+03
9.892161678204038253e+02
-4.529003629227827332e+03
-4.988300628866533953e+04
2.710933290393933567e+04
1.691610590081184637e+04
-3.835408077390166000e+02
1.439205365246291622e+05
-4.909717147728260898e+02
1.658529373182945710e+04
8.080741049169402686e+03
4.010946643831608526e+03
-2.659396817015000852e+04
-3.525860104291325115e+04
-4.103557151326831809e+04
2.758450088347926066e+04
-7.301393680671529728e+04
1.072374696427421441e+04
3.615109387584997603e+04
-4.977461572697070369e+04
1.430282171115554229e+04
1.287077871843793400e+04
6.990252222409220121e+04
1.782252099678989543e+04
7.429293881799414521e+03
-6.712475449932407355e+04
-1.778066421780501696e+04
-2.273019186266024917e+03
-1.964608012807153864e+04
-4.758624132466124138e+03
7.062231411717520677e+04
-1.050675685935136280e+05
-8.890921156833552232e+03
-8.175480940907158583e+03
2.624284177213069052e+04
3.833076894181482203e+04
-2.316332500934667041e+04
7.899321712169016246e+04
-5.730095903852052288e+02
9.006404332907797652e+03
3.371679252098180586e+04
-3.116367583695631765e+03
-2.322748293240402927e+04
3.347479757611955574e+04
-6.114884824616322294e+04
2.265778894603666558e+05
-2.324548331770235745e+04
5.710719187066461018e+03
-1.793720449553670551e+04
-3.919179056159292668e+04
1.010945423718054371e+05
3.841445471396499488e+04
1.817305534734801768e+04
2.443497177677998843e+04
1.059670144478426846e+04
-3.576681314507724892e+04
-1.105644643586067104e+05
4.275305290857616637e+04
-2.208607159914707154e+04
-7.443650813266701880e+04
-7.305453626950140460e+03
-1.262446159012294083e+04
-5.272198976808367297e+04
-5.802886206842333922e+04
3.007755299208490032e+04
-1.593214397388960060e+04
-7.094041442372190068e+04
2.110634961317051057e+04
3.430632003377176443e+04
8.581048258601207635e+03
-8.605321649931784486e+04
4.060490704525993351e+04
9.112995764679861895e+04
1.028837929282822006e+05
7.192416602651686117e+04
-1.105847944338958769e+04
6.217989590025712096e+04
8.513805033357290085e+03
9.776302657852857374e+04
-2.224855406131884956e+04
-3.332835658879762923e+04
-4.254968236715591047e+03
-1.075728243643296446e+05
7.965241750456181762e+03
-7.759632411191263236e+04
1.292619614647095659e+04
-2.217046943710587220e+04
8.780841445118523552e+04
8.201822101159949671e+04
9.073296207641300862e+04
7.245352794195653405e+04
1.758911233959256060e+04
5.427845939331964473e+04
7.596641343711157970e+04
-1.097843893644948548e+05
-1.261628056635336179e+03
-1.318016512411816439e+04
-2.001167530718330454e+02
-1.245684776890247667e+04
