-8.085022669222655168e+03
-1.607662865612808673e+04
7.823796514306293830e+03
4.464778122068630182e+03
-2.053830902646420873e+04
-6.457819863464603259e+03
9.927571614593136474e+03
8.727874923730269074e+00
8.327746075377985835e+04
-1.970960593206533304e+04
-3.553434564362978563e+03
6.985506103165913373e+03
3.053297001376739354e+04
-4.646796907823740185e+03
-1.101992863208593189e+04
-3.061686120959051186e+04
5.500837171381701410e+03
-2.728999975911386719e+04
-7.395779232262444566e+03
1.023765539888063358e+04
-1.482167589425287588e+03
1.433470169858686859e+03
7.658327150777709903e+03
3.494419944187364308e+04
-8.727039526208147436e+03
-2.808489256052912970e+04
-2.914840567802710575e+04
2.586677528342003825e+03
-9.698811799203140254e+03
4.681873204860705300e+03
-5.387417477584747758e+03
4.257806320907166810e+04
-3.958096400105585053e+04
2.714593967411565245e+02
-2.024918848041752062e+04
2.289188400041719433e+04
2.229222686905750015e+04
-1.633700883036974119e+04
2.441687545500416309e+04
4.689591317577273003e+03
2.808818553506440367e+04
1.245645944208847141e+04
-8.900581897663323616e+03
5.278449279102165747e+03
2.146747795103408134e+04
-4.270208963334083091e+04
1.020559374639968446e+05
-1.238789271811698563e+04
1.764425509775036335e+04
-1.641555356974924507e+04
-1.181086216557716398e+04
4.792477233099663863e+04
2.793826376964992960e+04
7.699767443459841161e+03
2.025136736282568745e+04
1.659065642169123748e+04
-1.966080786810914287e+04
-6.669497667555997032e+04
2.986565964636823628e+04
-1.373496740780096297e+04
-2.769446540910725889e+04
-3.601529424889587972e+03
-2.495383384881262464e+04
-3.172658128567412496e+04
-4.799085277520909585e+04
1.785362630808522226e+02
-7.042959297995665111e+03
-3.588909614153274742e+04
2.952769707542695687e+04
2.066661277158751909e+04
1.482084626091619430e+04
-2.367874036540602538e+04
1.592110057319422049e+04
6.115535292153984483e+04
6.881668044060177635e+04
3.770438270291629306e+04
-4.416087779006855271e+03
3.316133166908445128e+04
9.036810815157696197e+03
2.962388576053456927e+04
-9.385548479886201676e+03
-3.149082212747274025e+04
4.583032617370387015e+03
-4.864134900218012626e+04
7.539499855931760976e+03
-5.585803260716543446e+04
-4.177500289145682473e+02
1.761244541035586008e+04
4.914272966628456197e+04
3.046539435839602447e+04
1.466409572408940585e+04
6.088572246938485478e+03
-1.500278283002502576e+03
1.655452067840575182e+04
9.357569370706471091e+03
-4.037782586154357705e+04
1.565892259463869414e+04
4.089423871518774831e+02
-8.711197921090370073e+03
-2.407383465082007751e+04
