-2.158762126727393479e+03
-4.296370108052506112e+02
2.080240996567670663e+03
-1.421293731538782595e+03
-4.768992346552633535e+03
-2.253322695002192631e+03
1.798715249910208513e+03
1.103377713768844842e+03
2.025074300022271927e+04
-3.140328740349068539e+03
-2.128380765394540504e+02
3.416450969911587890e+03
5.186453439748525852e+03
-1.852972402311075712e+03
-3.697970661910032504e+03
-6.118346195438760333e+03
3.116694077500680578e+03
-7.724044000624417095e+03
-1.947387621161353309e+03
3.380346724625749630e+03
-1.514263516044855351e+03
3.927323760454324656e+03
7.741198082452174276e+02
8.412952117959095631e+03
4.678596816725475946e+02
-4.862212714807305019e+03
-7.222056902546384663e+03
1.571372030575268582e+03
1.384837151740916852e+03
1.156350004939580685e+03
-7.887415018478714046e+02
8.116303646293497877e+03
-1.038476579982772819e+04
-6.356236358993774047e+02
-3.410131417506134312e+03
2.412235720857162960e+03
4.441032898976771321e+03
-4.406119162052549655e+03
7.617360386270098388e+03
8.964554349783866201e+02
6.797622415538338828e+03
1.667500855863299876e+03
-3.665212051760005124e+03
-4.079946622462812229e+02
3.455323424673941190e+03
-9.205733353812684072e+03
2.657559407416929025e+04
-2.359107989696771256e+03
-3.457584478297503665e+02
-3.647230080971297866e+03
-4.159434242153332889e+03
1.109742471157198088e+04
3.875872042300979956e+03
3.682168316842980857e+02
4.336331886530271731e+03
4.032859042653522920e+03
-5.660040020406850090e+03
-1.364485544785807724e+04
5.076503471551288385e+03
-2.463884410880171345e+03
-9.337105916889711807e+03
-6.659817862331256038e+02
-3.962467224440624705e+03
-6.126975025148887653e+03
-1.011332099527133687e+04
2.030860798923211405e+03
-1.293373147211153992e+03
-8.838079666935220303e+03
4.996659504382318119e+03
4.281310510563955177e+03
2.655337041446315197e+03
-9.066461467490442374e+03
3.918602945515740430e+03
1.522582139286023084e+04
1.689492897748934411e+04
7.640153758740052581e+03
-1.503680855986545794e+03
7.302125872870416060e+03
-6.340631190278800204e+02
8.777596854083334620e+03
-2.361388935457682237e+03
-5.704364267122582532e+03
9.285594987898803083e+02
-1.311066897311912180e+04
1.738071021828603989e+03
-1.243479501094451552e+04
4.592968384296764270e+02
1.266639011124614626e+03
1.222246882134814223e+04
9.228227878961071838e+03
6.052797184385440232e+03
5.138960901925427606e+03
-6.402362979929603171e+02
5.390907622282476950e+03
4.339998648967048211e+03
-1.278053697127733903e+04
3.542272308556492135e+03
2.988832322948146611e+02
-1.644867734745134840e+03
-6.932044917645562236e+03
