-2.541327286404142069e+04
-1.360964713409975229e+04
1.271678712369376444e+04
-4.687037009091307482e+03
-3.947800471000716789e+04
-6.741397692133883538e+03
1.993929770381972048e+04
1.185829709211451700e+03
1.716755933209950163e+05
-2.980682873963024758e+04
4.098096918672466018e+03
1.448560599888423167e+04
4.142506432853081060e+04
-2.126537406712050870e+04
-3.095999142453863897e+04
-5.201452629758139665e+04
1.990997167100357910e+04
-5.780932721638598014e+04
-3.472018371003221546e+03
2.515182020441580244e+04
-1.797831453743934981e+04
1.814085623321491585e+04
4.770344187369744759e+03
6.779310532050681650e+04
7.938229579104190634e+03
-3.435909925511454639e+04
-6.630548862207724596e+04
3.691533126409237411e+03
-3.114057547635874471e+03
6.131952034515343257e+02
-1.427941370702863424e+04
7.210010803144477541e+04
-8.825167314434834407e+04
-4.750335365559360071e+03
-2.693098132566195272e+04
2.631261270604279707e+04
4.279413783026010788e+04
-2.919649545967033191e+04
6.457662486444316164e+04
1.006528877806006494e+04
4.637716859371076862e+04
2.290399574887885683e+04
-1.863621647627840139e+04
-3.730141237883795839e+03
4.031333084115195379e+04
-7.986616097154439194e+04
2.222810963924559765e+05
-2.715070483203127515e+04
1.312065474845596327e+04
-2.259718176316933022e+04
-3.564316868105100002e+04
9.960517978122315253e+04
4.617755402008423698e+04
7.802633895722119632e+03
3.478066479511010402e+04
2.828380281482690043e+04
-4.168408279867652891e+04
-1.284236854339671554e+05
5.199748136279257596e+04
-1.926934815965213056e+04
-7.362141950310056563e+04
-1.257663066120374424e+04
-3.973054260024529503e+04
-6.648348257976982859e+04
-8.312648180652462179e+04
1.011705338585213940e+04
-1.977633660402211535e+04
-7.313469330101367086e+04
3.670732177839655924e+04
3.681651110903082008e+04
1.968865279050098616e+04
-6.561613347642407462e+04
3.895132638390883949e+04
1.146550781198289624e+05
1.296678287875829992e+05
7.293624184679792961e+04
-9.688920243516495248e+03
6.635808649517544836e+04
2.012402785242804384e+03
7.593351204705430428e+04
-1.591806744269158662e+04
-5.096117344493514247e+04
1.606429236306272287e+04
-1.071858660495966324e+05
1.625563856023680273e+04
-9.908622378250733891e+04
2.130780107398204564e+03
7.459349385174740746e+03
9.871801201270481397e+04
7.316384291409685102e+04
5.478615798824121885e+04
3.646495228545715509e+04
8.797774488273807947e+02
3.608381095183359866e+04
3.995353153168167773e+04
-1.001147203901610628e+05
2.270591133891425852e+04
-2.913751240668563696e+03
-1.282820897759497166e+04
-4.768776156376818835e+04
