-6.473417214397719363e+03
-1.252261155652828165e+03
4.221374923587656667e+03
-4.236337950173056015e+03
-1.050502495320899106e+04
-3.139928088856831891e+02
4.400325425109127536e+03
1.327457081660439144e+03
3.889058045804897120e+04
-4.341593040616862709e+03
2.448951094288975582e+03
2.650026735341147287e+03
7.928640096373419510e+03
-3.946968345262816001e+03
-5.675088543264369946e+03
-1.234315953081876796e+04
2.979025175338956615e+03
-2.170325170619273558e+04
-3.143622964689275250e+02
6.909998920075999195e+03
-9.994194083670729015e+03
6.781162176726938924e+03
2.634088136330552516e+03
1.834637836757476907e+04
-1.557822692580266448e+03
-6.013140588916132401e+03
-1.799422191192847094e+04
-2.282573864211527507e+03
-7.388055167752208945e+02
-3.000009431504928216e+03
-4.836043205382084125e+02
2.138646987518062815e+04
-2.538715720679672086e+04
-3.680560969959784416e+03
-6.495066329466106254e+03
9.504857443518820219e+03
9.936712906616900000e+03
-9.381447393574722810e+03
1.691613855269094347e+04
1.676333218699073768e+02
1.119977655690255051e+04
9.445996750239106404e+03
-3.305387992813542951e+03
-5.492844839661989681e+03
1.091068056312912086e+04
-2.053730607244253042e+04
5.930455522039369680e+04
-5.986314470392651856e+03
3.734161605119690648e+03
-7.358912053608633869e+03
-6.515836896571083344e+03
2.474698206314854906e+04
7.461378119514076388e+03
3.461779762578460577e+03
1.055462990918981814e+04
7.443397383597679436e+03
-8.868829316710500279e+03
-3.017067098021865240e+04
7.892836574674583972e+03
-9.254763086520855722e+03
-1.743125718655799574e+04
-1.588468136366573162e+03
-4.970495219958393136e+03
-1.239443245697962993e+04
-1.814787531612999010e+04
4.763897861688399644e+03
-3.936051507277094061e+03
-1.975027743659119733e+04
7.864835607851360692e+03
7.858118119952305278e+03
4.435129215764682158e+03
-1.983573178320327133e+04
1.018237558693629398e+04
2.709062846287662251e+04
3.313151582741898892e+04
1.634724252487940248e+04
-2.497124977881925588e+03
1.662359327307731292e+04
-1.354552718538128829e+03
2.176062857859042924e+04
-6.453307806405980955e+03
-1.322354636964422389e+04
7.362173756445408799e+02
-2.725841568262373767e+04
2.685350356369061046e+03
-2.566602260296230088e+04
3.496119904256302107e+03
-2.239950871146953432e+03
2.693736307945539011e+04
1.972031008903128532e+04
1.471224684322330359e+04
1.221384157761668030e+04
2.330572859125262767e+03
1.013478515100140066e+04
1.284206948891092179e+04
-2.754599439315657946e+04
2.669387420955381458e+03
1.050964618525758851e+02
-5.828029631046028953e+02
-1.192495629117533099e+04
