2.304198079693596810e+02
-3.181292285856325179e+02
7.446084778881631792e+02
-6.714415934326825663e+01
-7.308939016173244454e+02
-4.003041279537137598e+02
5.116721172983525321e+02
2.766498415787355043e+02
3.809417194656329229e+03
-1.229399186843165808e+03
-2.055068562574451789e+02
4.865305329527473077e+02
1.366831822632404510e+03
-4.194477688172410126e+02
-3.523064542229258223e+02
-1.102756214618915692e+03
6.031922193502850860e+02
-8.708504305124515668e+02
-3.492518750587478280e+02
4.757775529270948027e+02
-9.600208441959694028e+01
3.703964222132926807e+02
1.039863878639880568e+01
1.447240544287720695e+03
-1.565837258098181337e+02
-1.180410718029888812e+03
-1.169806765847053612e+03
7.835359877761911775e+02
-3.975427607105748393e+02
4.352049983867909759e+02
-3.233049973803572357e+02
1.391949852732213913e+03
-1.568644727974082343e+03
2.006955905278009595e+02
-6.847954646245052572e+02
5.609467348919715732e+02
9.815919662937230896e+02
-5.601577117974229623e+02
9.339299816021848528e+02
1.186097412343951873e+02
1.417200848447508179e+03
2.606355213997303508e+02
-6.216685665143886581e+02
2.440605889917060267e+02
8.089190741025231546e+02
-1.860367504258902045e+03
4.293894755725283176e+03
-4.715927455117926002e+02
4.613444003814365715e+02
-6.834294398476413335e+02
-3.320764075982733630e+02
1.880977765051648021e+03
1.177289091850980185e+03
1.883205650516320020e+02
1.051625510481884703e+03
8.809023723012069240e+02
-1.189393422944587655e+03
-2.741764281600801041e+03
1.335318386075086892e+03
-3.067354657357791439e+02
-1.359388970814878121e+03
-1.500720909580122679e+02
-1.245320200183821726e+03
-1.472354977267445065e+03
-2.260308157240870059e+03
1.619036899738712236e+02
-2.761018939304485684e+02
-1.457159620508056832e+03
1.124311582520778757e+03
9.140230509386310587e+02
4.979807197370682843e+02
-1.332381191235850565e+03
4.742680234339786693e+02
2.514965612644722569e+03
2.976097662728978321e+03
1.592833021158701740e+03
-1.211905773949110880e+02
1.168789715035349218e+03
2.126170477173291147e+02
1.056206447346834466e+03
-4.698700915907975286e+02
-1.309570820833934704e+03
2.446505255644442514e+02
-1.951285501028505678e+03
3.600466984996455722e+02
-2.223340403398760827e+03
-2.172263380522927037e+02
9.365055423034355044e+02
1.840956414892105386e+03
1.099746257181177498e+03
5.540606247244286351e+02
4.319885366782546043e+02
7.252432020613923669e+01
5.953836562535143457e+02
6.812416022190882359e+01
-1.807803544397233054e+03
9.157717491301591508e+02
2.213134059827425517e+02
-4.887546539433324142e+02
-1.106215077018394368e+03
