-1.523215558499692634e+03
-1.301459174306644127e+04
8.151916927042879252e+03
-5.551674457490615168e+03
-2.342142565258163449e+04
-2.040425132150229183e+04
1.672149160944078176e+04
-1.231378856907715090e+03
1.218041559703618259e+05
-4.328326370855154528e+04
-3.211260686335415812e+03
5.681923611742808134e+03
5.096185354393893795e+04
-4.075784218350348965e+03
-1.283366061784915837e+04
-5.191586859144995105e+04
1.035489912983254908e+04
-2.431246347414290358e+04
-1.398605228911657468e+04
-1.749972917220547970e+03
-2.163008763525300310e+03
-6.520925409380288329e+01
6.552263906668857089e+03
5.677709645647520665e+04
-6.758688450553345319e+03
-4.267220561804359022e+04
-4.398247004619011568e+04
2.135063057455017406e+04
-1.841983521584475602e+04
8.341126265345083084e+03
-1.271922537025223573e+04
6.036646602805262955e+04
-5.138767804535281175e+04
7.379064676297217375e+03
-4.383837343028234318e+04
3.483719564772961894e+04
3.622118888871018862e+04
-1.624559910921753908e+04
3.411664231369567278e+04
2.982356997976865387e+03
4.078296299835380341e+04
1.054137713328412065e+04
-1.180305011822153756e+04
7.513976803017241764e+03
3.575019177360524918e+04
-6.338338804056754452e+04
1.238321453440006444e+05
-3.616653850147937192e+04
2.842487526590816196e+04
-2.181185623369514360e+04
-6.571074299108986452e+03
5.814278294970833667e+04
5.748269469975680113e+04
5.515159638974029804e+03
2.906504180333820113e+04
3.306819419207685132e+04
-2.657552581578336321e+04
-9.557404461736440135e+04
5.758886265923565952e+04
-1.503077733680576057e+04
-3.691331483676748758e+04
-1.227135587577850674e+04
-4.998579583377597737e+04
-6.047731472755795403e+04
-6.999234988524406799e+04
-4.569045726862977972e+03
-1.372935289600679243e+04
-4.850318847355985054e+04
4.078425416218882310e+04
2.297561513758704677e+04
1.801706247309311584e+04
-2.625194612232363579e+04
1.493867613403301948e+04
8.830675525461669895e+04
9.548917972401695442e+04
6.528287208816411294e+04
3.663345324133433678e+03
4.395804755434606341e+04
-2.305485969663655851e+03
4.294729127862019959e+04
-8.817687228656021034e+03
-4.350188992874949327e+04
6.405386238183746173e+03
-6.046538461799330980e+04
1.367036883915995713e+04
-7.698535981495186570e+04
-6.620392421043783543e+03
3.518409181750791322e+04
7.235249870790154091e+04
3.132083782194491505e+04
1.420100569932467624e+04
-1.083007217001340177e+04
3.125129991114205041e+03
6.213486163574532839e+03
-3.511386942074668696e+03
-4.348385433173158526e+04
1.874175451047333627e+04
8.790823313126835274e+03
-2.674903094419233821e+04
-4.133144157037754485e+04
