-2.049451469782491040e+04
-3.254295085865771398e+03
5.762301876143414120e+03
-1.184171394321590014e+04
-3.478069998764672346e+04
9.177331560234088101e+03
1.085988395941283670e+04
4.058504472780063224e+03
1.102890112247388897e+05
-5.645599357835733827e+03
7.502047269955153752e+03
5.007401588698630803e+03
1.491295405571284573e+04
-2.158905715430658893e+04
-2.046235504224870965e+04
-3.103519971195573089e+04
1.632026993733318159e+04
-5.065371035121995374e+04
7.270811176788061857e+03
2.471891439899217949e+04
-2.886223874495266136e+04
1.890512639148411108e+04
2.030270259843076929e+03
4.685435994917929929e+04
1.429597796698681486e+04
-6.829176714141585762e+03
-4.662288775381332380e+04
-5.249735616277120243e+03
-1.651521812526062604e+03
-8.412127442806006002e+03
-8.603458427951845806e+03
4.828988745512741298e+04
-6.884654569098475622e+04
-7.115899843762039382e+03
-1.231417639703625173e+04
1.890554123370478919e+04
2.317763222130146460e+04
-1.607002916210254625e+04
5.281804151589838148e+04
5.765842545790510485e+03
2.161395996796369946e+04
2.114543282331350201e+04
-9.752656270270890673e+03
-1.403945198221269675e+04
2.289647661368433910e+04
-4.811802300188507070e+04
1.598725539490276133e+05
-1.120305571744846384e+04
5.715664146780043666e+03
-1.688427160443901812e+04
-2.751331347738118347e+04
6.373003746383977705e+04
1.727779188400833664e+04
8.437278915851578859e+03
2.179825197735024994e+04
1.320452137937606312e+04
-3.064048679455445381e+04
-8.047797099577533663e+04
2.624701882108621066e+04
-1.136456412627821555e+04
-5.288739138706278754e+04
-7.548768198261430371e+03
-1.115559655276621197e+04
-3.947754711507062893e+04
-4.386892288608129456e+04
1.645681555795933673e+04
-1.322485382351206499e+04
-4.705459294236470305e+04
2.014862110828823643e+04
2.631477971218797029e+04
1.043339651891375252e+04
-5.408082975484822236e+04
2.679611026918766584e+04
6.986681105684017530e+04
7.481649971841962542e+04
4.823708514874741377e+04
-9.763114597661668085e+03
4.320272379686874046e+04
2.511189963353899657e+03
6.006048414374663116e+04
-1.288913235211778374e+04
-3.002430475056205614e+04
2.313039719927117403e+03
-7.696017872741377505e+04
1.114752345378115569e+04
-5.977681189673941117e+04
6.453662435971833474e+03
-1.140833878036397800e+04
6.923172367805276008e+04
5.182598111708708893e+04
4.714551278501413617e+04
4.196067394918932405e+04
7.884128261585037762e+03
3.351907022335249349e+04
4.267465076756892086e+04
-7.414020194984687259e+04
9.586874746549792690e+03
-2.729838640492602281e+03
-2.312867722665381734e+03
-2.546243785556853982e+04
