-1.870282003110056394e+03
-3.548135712222028815e+03
4.385333984242439328e+03
6.967402743072598241e+02
-8.337063118019941612e+03
-2.292241032147096121e+03
2.223179391559060605e+03
1.133055099865443481e+03
3.232215368899656460e+04
-6.261776910170428891e+03
-1.499283917060930435e+03
4.577510459839279065e+03
7.867947178655616881e+03
-4.839572145333273511e+03
-3.199410692086023118e+03
-9.796229672159621259e+03
5.183852920250716124e+03
-1.259842762027436402e+04
-1.776614118000579765e+03
5.208033039753820049e+03
-1.961618769898850587e+03
2.981878965124458773e+03
2.812518866386089940e+02
1.277924968896459177e+04
-2.275654770614113659e+03
-9.526088160026883997e+03
-1.079168600605211395e+04
1.889462166663375683e+03
-8.455348909510184967e+02
2.309471900061478664e+03
-1.798576336839163559e+03
1.368648802862752927e+04
-1.529210589015219011e+04
4.038840318635047879e+02
-5.549698258213335066e+03
4.603589123736688634e+03
7.990450023576151580e+03
-6.183030153982632328e+03
1.074410769871414595e+04
1.419182106808802928e+03
1.020325450253301824e+04
2.232441475231174991e+03
-5.053337314104137477e+03
7.863066062499201507e+02
6.494954059128773224e+03
-1.467419666583798244e+04
4.094760604872994008e+04
-2.984126063061106834e+03
1.271315883719318663e+03
-5.399610498419655414e+03
-4.192095166705163138e+03
1.863617518493125681e+04
7.573952579863296705e+03
7.378102599334233673e+02
6.123300922777925734e+03
5.732502220210306405e+03
-9.754175225104114361e+03
-2.147249471997861110e+04
6.575644420156248088e+03
-3.836653618937227293e+03
-1.401270018682601221e+04
-9.627709546347323339e+02
-7.421027327463627444e+03
-1.111352217685009236e+04
-1.669004531016099645e+04
1.614688897557309247e+03
-2.023484284569392912e+03
-1.373487085210459918e+04
9.245260420831669762e+03
8.246114888254291145e+03
2.695406276310868634e+03
-1.368404086658831329e+04
5.382269290893207653e+03
2.291977121507786796e+04
2.551683464673961134e+04
1.389804674195359257e+04
-2.483256978351600992e+03
1.274277475318724828e+04
2.813138513731901185e+03
1.272718425054757972e+04
-3.867375312757605570e+03
-1.046353566232335288e+04
2.533034400183594698e+03
-2.031144580866790056e+04
2.048636282047227724e+03
-1.912489047187680262e+04
2.617303920277481666e+01
3.288229654939714237e+03
1.813811394682679384e+04
1.412039514993039120e+04
8.882019776916149567e+03
7.042428901222308923e+03
1.136963989888972719e+02
7.016483935458236374e+03
4.512312264627282275e+03
-1.879100648653372264e+04
7.161969266492604220e+03
-1.335227622408128809e+03
-3.155283976960635300e+03
-8.641668979412705085e+03
