2.647116189180960646e+02
-1.122010717016702984e+03
7.442695131556829438e+02
3.938917399453348480e+02
-1.908383354419216630e+03
-1.284557365254397155e+03
5.831929974961676635e+02
2.328191695860004984e+01
1.095870351048299926e+04
-3.804516954726215772e+03
-5.566019911284574846e+02
1.544997142554682796e+03
4.589312440829700790e+03
-7.961819959703716449e+02
-4.389915008700918406e+02
-4.043939571538183372e+03
2.159052712417284056e+03
-1.885733716129510867e+03
-1.159380703289643861e+03
6.410275907826217008e+02
4.523721542037674226e+01
1.024037467935704626e+01
5.336094388260680716e+02
4.295812550278784329e+03
4.097699291233730037e+02
-4.147124353751183662e+03
-3.582849522180826170e+03
2.621025860984867904e+03
-3.690751668440170761e+02
1.786938845155178569e+03
-9.937811055557685904e+02
4.452954949468068662e+03
-3.916891539065502002e+03
1.273938816527370363e+03
-2.779247774848612607e+03
1.799595796108362265e+03
3.148506645691697486e+03
-1.882524219712337072e+03
2.599112910270603606e+03
-6.009407949746819213e+02
3.218342693668411812e+03
-5.118268412011821056e+02
-1.513993996890261769e+03
1.355219794571163220e+03
2.046894340525032021e+03
-4.648873576631041942e+03
1.128058728066459298e+04
-1.562831353595596738e+03
1.296863196868638624e+03
-2.026827140572451754e+03
-3.502658661442692392e+02
5.216465689011325594e+03
5.088414428288771887e+03
1.542093631463649217e+02
2.973493261565541616e+03
2.054646959931254969e+03
-2.609285722568602068e+03
-8.021168895996528590e+03
4.822043205537367612e+03
-7.466724249692124431e+02
-3.696038841706977109e+03
-3.472446798853925429e+02
-4.409655347627100127e+03
-4.305290718760021264e+03
-7.308978046741336584e+03
-1.952821618916641455e+02
-5.901602117950387765e+02
-4.349247219280456193e+03
3.441349191855755635e+03
2.664741846783756046e+03
1.357426356542842768e+03
-3.763619322840007953e+03
4.431699658573343186e+02
7.943577940810413565e+03
8.000774884740734706e+03
4.594857050944658113e+03
-7.656954861736739986e+02
3.264141547828861803e+03
7.328093538657631143e+02
3.036303837748841033e+03
-1.369552477069664747e+03
-3.181139175637559674e+03
3.851638685284269741e+02
-5.520669814851367846e+03
6.646243578024441376e+02
-7.522672082505858270e+03
-1.539693598282319726e+02
3.499986405289142567e+03
5.297638091591652483e+03
2.963301381261000643e+03
2.156318617384502431e+03
1.446710332659902633e+03
-1.523819435038603842e+00
2.122734029321130947e+03
9.740022060213959776e+00
-4.576515219936030917e+03
2.486686223114433233e+03
-7.044104971317574382e+01
-1.707343880358515889e+03
-3.731562765423004748e+03
