9.185169171197940159e+02
-1.001249496875429759e+04
6.101188387189857167e+03
-1.092276736191844975e+03
-1.611359878297119394e+04
-1.677267118707033660e+04
1.161899354824097827e+04
3.030638978735150886e+03
8.266279642760261777e+04
-2.996356506593823724e+04
-4.115158366674048011e+03
4.923033203136496013e+03
3.616648483057702833e+04
-2.339399341468957573e+03
-6.174839981264740345e+03
-3.513569073748648225e+04
7.632475102286354740e+03
-1.932292388031009978e+04
-8.236924796292907558e+03
6.693702501095958723e+02
3.218731768667057622e+02
1.435652095197263407e+03
3.402966498486421187e+03
3.769935219155304367e+04
-1.074680447662707593e+04
-3.073602335286331800e+04
-2.906895644277075917e+04
1.531645485833521161e+04
-1.503429460172740801e+04
8.785927125829133729e+03
-4.759137644792615902e+03
4.323067806602928613e+04
-3.517416095249391947e+04
4.739921237602535257e+03
-3.110815531174941134e+04
2.202941844183712965e+04
2.465808276433315768e+04
-9.408595638224498543e+03
2.043851876778597216e+04
-2.560453080766237690e+02
2.881037200117827524e+04
8.426899716560466914e+03
-6.695166537096723914e+03
7.117346943387972715e+03
2.389397046965448681e+04
-4.425176954907890467e+04
8.012131038497922418e+04
-2.431321189433196560e+04
2.202211368981788837e+04
-1.538822234200211096e+04
-5.729552461279723502e+03
4.011783593198329618e+04
3.552862590019597701e+04
3.411131765762162104e+03
2.005005224216174975e+04
2.382095476747566863e+04
-2.105420834774973991e+04
-6.311633576555582113e+04
3.950344971105638251e+04
-1.057935147640488140e+04
-2.336904557712536189e+04
-7.206044851359270979e+03
-3.729696705992649368e+04
-4.091413100882606523e+04
-4.944305766330088954e+04
-2.206891666502488079e+03
-7.294772971596685238e+03
-3.449592091994211660e+04
2.981695494328439236e+04
1.635195841286836367e+04
1.267378770798081496e+04
-1.970170077678881353e+04
8.046314802912500454e+03
5.930755668736503867e+04
6.523809977827491093e+04
4.458769385808180232e+04
1.408424093189939413e+03
2.856188206653186717e+04
3.016203356660858844e+03
2.573670425719846389e+04
-8.679210160594931949e+03
-2.959945983623471693e+04
2.871706332988738723e+03
-4.092096132549233153e+04
8.527096491297728790e+03
-5.429022481156754657e+04
-3.964348779040417867e+03
2.442256003213096119e+04
4.915530860617686994e+04
1.972166445747220860e+04
6.133657655891394825e+03
-6.618930249569457374e+03
3.528485796810433385e+03
2.939386058302101446e+03
-4.071477600541824359e+03
-2.741302268093761813e+04
1.491028900934428202e+04
9.251166609259031247e+03
-1.784243064423710166e+04
-2.633244479654600582e+04
