-1.080332719855121104e+04
-1.361347259335215676e+04
7.828091372045837488e+03
-3.450029900828551035e+03
-1.707685912049761100e+04
-6.305010362199194788e+03
1.563554942647142889e+04
2.510006874870930915e+03
9.048971653040577075e+04
-2.648696276824758388e+04
-1.740920394415865303e+03
3.616576489888866490e+03
3.372412637426397851e+04
-1.680725932180139353e+03
-9.698682971170646852e+03
-3.277317296551890468e+04
-8.274200056021909404e+02
-3.124219746916589793e+04
-3.429739011571997253e+03
1.011619126649202371e+04
-4.286888325275853276e+03
8.891531735969227157e+03
4.427594454079662682e+03
3.796680377664463595e+04
-1.030651023267936762e+04
-2.821923261216680112e+04
-3.507559847075051221e+04
4.172557089583279776e+03
-1.362545220013033031e+04
1.858658153337411932e+03
-4.912840797089835178e+03
4.830892584388237447e+04
-4.543011642865493195e+04
-4.343275510075283819e+03
-1.683876845592581230e+04
2.291810550966023584e+04
2.499555242574093427e+04
-1.305182867256495229e+04
2.839308555426040766e+04
6.449030722974108357e+03
3.286781455324884155e+04
1.397698508152791146e+04
-2.986236288170533953e+03
-5.169185796600577305e+02
2.848261381251090643e+04
-4.777676451961279963e+04
1.107616599703052780e+05
-1.896087306942875148e+04
1.663270831942028599e+04
-1.295054895568805296e+04
-1.275790224415478588e+04
5.061433902175314142e+04
2.492194939486276780e+04
8.416743795459191460e+03
2.813857869783330534e+04
2.058363237760409538e+04
-1.799007830246075537e+04
-7.413121828823148098e+04
3.382289610003124108e+04
-2.037222370440511440e+04
-2.616031302859056086e+04
-4.918662658004133846e+03
-2.780408457959548832e+04
-3.527652227254914033e+04
-4.991192732663651259e+04
5.177082229319188627e+03
-1.221913747360877824e+04
-3.786188983637267665e+04
2.568177278825240501e+04
2.314021879629675095e+04
1.491690470923302928e+04
-2.598975011152208754e+04
1.943539502488812286e+04
6.078436698224824067e+04
7.333540151600430545e+04
4.105994834417544917e+04
-5.206192897448956501e+03
3.288870575334776368e+04
6.531199307577877335e+03
3.257771203212744513e+04
-1.005062921608543547e+04
-3.574331508568378922e+04
6.170922418210291653e+03
-5.141013359776464495e+04
5.033508663586129842e+03
-5.883469360628043796e+04
-1.837905839580729662e+03
1.417908978639118141e+04
5.689060935278116813e+04
3.568353368607907032e+04
1.334301673738967656e+04
5.428856013754819287e+03
1.917429311030318786e+03
1.405861816626554355e+04
9.482903850532115030e+03
-4.674924857623028220e+04
1.508374526367399631e+04
5.805194501999823842e+03
-4.364619714597545681e+03
-3.092441818864101879e+04
