3.580102383865687443e+02
-2.580944228795361414e+04
1.226277783741090389e+04
6.550185943976273848e+03
-4.269681863684236305e+04
-2.854136520782326988e+04
1.155708960305748769e+04
-4.866200456666170794e+03
1.933683187723697629e+05
-6.794724348563172680e+04
-6.422640890764248070e+03
1.268149171567060694e+04
8.168094863218130195e+04
-7.028587268135521299e+03
-1.486062474622289301e+04
-8.294650717814824020e+04
3.182891834053785715e+04
-4.534959788163162011e+04
-1.754713000967261905e+04
4.772071448060174589e+03
3.720630449570093333e+03
-8.208401897994270257e+03
1.868721929580718279e+04
8.376431723415857414e+04
-1.928230869486423035e+04
-7.642265888432314387e+04
-7.003416878765638103e+04
4.345727627776426380e+04
-2.240620413155161805e+04
2.187027456386786071e+04
-2.055969704774883576e+04
8.677719159285358910e+04
-7.885701507505722111e+04
2.535900321421056651e+04
-6.480657846781511762e+04
5.160591620041829447e+04
5.780532641353193321e+04
-3.752538098881516635e+04
4.550031427518071723e+04
-3.772746294520991796e+03
6.003630921146132459e+04
1.272298847127570480e+04
-2.599417806651599676e+04
1.866440708041277685e+04
4.963968797586149594e+04
-8.832095335487720149e+04
2.065983437562741747e+05
-4.570679246389238688e+04
4.599507162048904866e+04
-3.613870724686726317e+04
-1.148837027582462179e+04
9.558010769287773292e+04
9.185292044854687992e+04
9.554554818556105602e+03
5.299946778932090092e+04
4.398302158073562896e+04
-4.738072066909712157e+04
-1.441394686163294828e+05
8.908303158755168261e+04
-2.205356023191665736e+04
-6.440198861466914241e+04
-8.428210437056986848e+03
-7.838766044551244704e+04
-8.288419578562138486e+04
-1.223398059960376995e+05
2.474491014518192969e+03
-1.511166795188693504e+04
-8.133798523661235231e+04
6.196767226519287215e+04
4.365464191782273701e+04
3.167916560992709128e+04
-5.882542469439486013e+04
1.635010362188029103e+04
1.392988224462002981e+05
1.493316579064478283e+05
9.881637029884094954e+04
-6.175324410346838704e+03
6.683100616672557953e+04
1.577254858740153213e+04
6.103127480440014187e+04
-1.963478865426264383e+04
-6.654609197090675298e+04
9.308537117734042113e+03
-9.778557972354057711e+04
1.791675334255446433e+04
-1.328470672939646756e+05
-1.017139669805910671e+02
6.239485693555487524e+04
1.034047182918687613e+05
4.831506981336293393e+04
3.929850528801345354e+04
6.476123348915945826e+03
4.859876734787038004e+03
2.538601122926763492e+04
-4.050817865746235839e+03
-7.718387809080164880e+04
4.091031679307544255e+04
1.056714543868692999e+02
-3.877121395438916807e+04
-6.483679016800194222e+04
