-2.151345128339728035e+03
-4.066226931585581042e+03
1.352342772097323177e+03
-1.418918943240580120e+03
-9.623675205755111165e+03
-4.344525704403393320e+03
2.698561053177880240e+03
-6.911379351628784207e+02
4.641590701165657083e+04
-1.326738651192863472e+04
1.374722016443418397e+03
1.496953407476030407e+03
1.731565499746776186e+04
-4.184997830586551572e+03
-5.130699660574871814e+03
-1.906769348059892945e+04
8.490651072283948452e+03
-1.355749011502479698e+04
2.478696474655880593e+02
2.007426052721064480e+03
-2.346487313619432825e+03
3.320887779538024915e+02
4.668685028932239220e+03
2.297937064034154173e+04
8.241247929077435401e+02
-1.457873223336982483e+04
-1.809820443491857804e+04
1.088052153054793780e+04
-3.708891809470862427e+03
4.259365966466881218e+03
-8.509748106743732933e+03
1.706651856791201863e+04
-1.946090566803244292e+04
4.904796817128102703e+03
-1.560170430328954717e+04
1.415284694389888318e+04
1.406282628777814534e+04
-8.865688798494156799e+03
1.301535363554861760e+04
-2.197284769248435623e+03
1.269167991069088748e+04
4.004001974517537747e+03
-5.039541558463912224e+03
-6.377973474630052806e+02
1.132206176839151158e+04
-2.124172007933817804e+04
5.447928432192269247e+04
-1.063691391347459285e+04
7.959074208597980032e+03
-8.521268275245165569e+03
-6.432621358168253209e+03
2.477453114692389499e+04
1.698299590243004786e+04
4.186686574113933602e+03
1.194799701211651700e+04
1.022584359860453696e+04
-1.221314234080791357e+04
-3.643073990668404440e+04
2.063667356589673727e+04
-6.850786468713347858e+03
-1.808020855179379578e+04
-7.045561697886529146e+03
-1.682857273502995668e+04
-1.910706378356841742e+04
-2.650190830834665394e+04
2.240280767507094424e+03
-6.584126128382718889e+03
-2.004948996031715069e+04
1.205469249977747677e+04
1.070459301535443956e+04
6.662696907086618012e+03
-1.684314451612893754e+04
5.214535803759316877e+03
2.990586073970351208e+04
3.172145956342943828e+04
2.539096548673326834e+04
9.372718346331021166e+02
1.941732411134988070e+04
-5.997229564284498338e+02
1.717926972072731951e+04
-3.315791296580398921e+03
-1.445439896372694784e+04
2.090137617942062207e+03
-2.772344045201607514e+04
3.433507268173656485e+03
-2.783064826889440883e+04
-4.339203764277481241e+02
1.011321701538110938e+04
2.925860765817239735e+04
1.475013780115023110e+04
1.183627256955716439e+04
5.998543251421564491e+03
2.072021589366224362e+03
4.670401907117063274e+03
3.537906340614558758e+03
-2.057337713949904719e+04
1.033867971581621714e+04
-4.123899206811751355e+03
-8.826353284284065012e+03
-1.559286506930005635e+04
