-9.934464964736071124e+01
-9.084114094370424937e+03
3.729013426173642074e+03
5.954311751651093800e+02
-2.726604057514997112e+04
-1.795722959622686903e+04
9.371669514382567286e+03
-8.642145511210692348e+02
1.184620552727794711e+05
-4.274241516262576624e+04
-4.435129022897211144e+03
5.466139880022841680e+03
4.613874300687215873e+04
-2.576446561328491953e+03
-9.698470061124260610e+03
-4.951280108176868089e+04
1.958803980050353130e+04
-1.965623519040881729e+04
-1.275100881493072666e+04
3.234151275493117282e+03
5.246942689230163523e+02
-3.278622957054729341e+03
8.411275830125261564e+03
4.922528573709487682e+04
-1.818531383132125484e+03
-3.987810928975259594e+04
-4.100093128814352531e+04
1.806679172930575078e+04
-1.532918996402640187e+04
1.672487549493088591e+04
-7.635840291911677923e+03
5.716464301430583146e+04
-5.096361322458561335e+04
1.363861247946459844e+04
-4.143002076565785683e+04
2.538347585464015719e+04
3.752533056156703969e+04
-1.773948998923024192e+04
2.743500906927249889e+04
1.973929979993263260e+03
3.418644280119343603e+04
4.869647453580842921e+03
-1.873641427526414918e+04
1.525517623570525757e+04
2.971348872225841478e+04
-5.434901666027409374e+04
1.177135863529415365e+05
-2.873607178836160165e+04
3.069145227342446378e+04
-1.752290765522816218e+04
-5.646240843208826846e+03
5.544456634441019560e+04
6.090250866703112843e+04
4.577220855679661327e+02
2.493500759548858332e+04
2.839907625463347358e+04
-2.587362564838528851e+04
-8.712850551543818437e+04
6.103391269228376041e+04
-5.602604544180845551e+03
-4.287965505384804419e+04
-8.158137793143905583e+03
-4.883538702888294210e+04
-6.366580150875800609e+04
-7.241980253122186696e+04
-1.211109117420441180e+03
-7.901590188171161572e+03
-4.961071156335608975e+04
4.242040132656000787e+04
2.165378791347560036e+04
1.636437469248251909e+04
-3.261519821754936129e+04
1.122656869447328063e+04
8.508567873390478780e+04
9.177145170086616417e+04
6.256348948112061771e+04
1.817787760921756671e+03
3.596110929955662868e+04
7.090260891616802837e+03
4.011505677295217174e+04
-1.090624220368028909e+04
-3.600592333645714825e+04
6.804111587797870015e+03
-5.971105496036422846e+04
1.611115716207036166e+04
-7.653113875215749431e+04
-4.182799001042047166e+03
3.736607262465769600e+04
5.976527051380677585e+04
2.680240506676009682e+04
2.127845229034819204e+04
-1.111669366816611728e+03
1.854813599960201827e+03
1.468432475409097970e+04
-7.674016273421939331e+02
-4.563633983202377567e+04
2.331793797314351832e+04
3.617400591470504878e+03
-2.946213879999861092e+04
-3.707551842129387660e+04
