4.724432440120599495e+02
-2.813958864251078921e+03
6.535017954769642529e+03
-5.025920954202772919e+03
-5.497445893380383495e+03
-8.864939385429155664e+03
7.417258068194321822e+03
5.493725718020796194e+02
4.529725562300192541e+04
-2.020422398935232923e+04
-1.436608716753232329e+03
3.249249890645674895e+03
2.002194026797936385e+04
-1.712976076066937821e+03
-5.610730386188151897e+03
-1.651360257013059891e+04
3.445508241468964115e+03
-8.467873660404933617e+03
-4.991481095611758064e+03
-3.375024557398959587e+03
-6.679875259943219135e+01
2.277105147127353121e+03
2.390830230149673298e+03
1.984979112218762748e+04
-2.001733978643642331e+03
-1.623592374571091204e+04
-1.425258010197066324e+04
1.125899218337187995e+04
-4.862271644290555741e+03
5.030238858575066843e+03
-4.770202478101418819e+03
1.790434977976364462e+04
-1.748342284223345632e+04
2.021469608953218994e+03
-1.332866772176350787e+04
1.356325880464824149e+04
1.297714807220228249e+04
-5.589640901288898021e+03
1.341317792742350503e+04
9.028006373752723448e+02
1.832430945625648019e+04
3.517111846595711540e+03
-3.710403658399853157e+03
1.149193721413321327e+03
1.292949214726226637e+04
-2.441949093385148444e+04
4.679227174509310862e+04
-1.110978197864747199e+04
8.015650577133688785e+03
-7.924361973886760097e+03
-1.818481986319937278e+03
1.919167690594091982e+04
1.877590041098062648e+04
3.030212585929752095e+03
1.378672129097900324e+04
1.136712943046177679e+04
-1.049321643207674788e+04
-3.779676575068692182e+04
2.039445772951231629e+04
-7.248374030515034974e+03
-1.110631729678247939e+04
-4.853270605576486560e+03
-1.774743040657031088e+04
-1.967840865930262953e+04
-2.624035464464843972e+04
-3.936340845754530164e+03
-7.029926041846749285e+03
-1.679945863813319738e+04
1.406686746451632644e+04
8.531335348593107483e+03
7.834812213085380790e+03
-9.848325269364440828e+03
5.694344131197081879e+03
3.100930238158597422e+04
3.762241808936961024e+04
2.099604573729528784e+04
1.705797003933002998e+02
1.712899388109315987e+04
-3.179404818692710251e+03
1.466091849054359773e+04
-2.446089500755952031e+03
-1.734301673827573541e+04
2.545415273081554915e+03
-2.094825335270998767e+04
3.874319637645006878e+03
-2.618990123164802208e+04
-3.122039717038023809e+03
1.249236802853423433e+04
2.712482139292062493e+04
1.145116044916710234e+04
1.794542016513587441e+02
-4.141292639107690775e+03
-2.520285464366315864e+01
-6.626835034432588145e+01
-2.679105345265079450e+03
-1.862882217502914136e+04
7.277403354013129501e+03
4.092767381011926773e+03
-7.757954837894590128e+03
-1.862810294154157600e+04
