-3.009987416941639094e+04
-1.017054065921380243e+04
8.644775341206768644e+03
2.206964164374039683e+03
-4.403116819029986800e+04
-4.286210662437966675e+03
1.228294727952468384e+04
-8.607377536715430324e+02
1.652429485709315632e+05
-1.598530762368603610e+04
9.031561167520678282e+03
1.792052580258582020e+04
3.117844250051685958e+04
-1.039069302802623861e+04
-2.785230538125754902e+04
-5.427200946694507729e+04
2.203766892181342700e+04
-6.864201233114590286e+04
-6.395475196388582845e+03
3.009882804954025050e+04
-2.419333903792890851e+04
1.541455785554514296e+04
1.467059801511588739e+04
7.024900511987740174e+04
2.051433231842675013e+03
-3.218230300257716590e+04
-7.348631530499717337e+04
-9.092579324220650960e+03
1.366951755501281696e+03
-6.228956586511099886e+03
-6.583570624344922180e+03
8.547113405164427240e+04
-9.958119809213771077e+04
-3.963286491958009719e+03
-2.515340787888317573e+04
3.151148594064162171e+04
4.273857166974869324e+04
-3.809815465385531570e+04
6.382262557484878926e+04
3.885851492569760012e+03
4.096608189678806229e+04
2.871235068209857127e+04
-1.790428645433820930e+04
-5.426992327358671901e+03
4.038021073954922031e+04
-7.349170477090172062e+04
2.319795971790793119e+05
-2.772132376549707260e+04
1.489715878217204590e+04
-2.348515900656992744e+04
-3.164514801923675986e+04
1.085161282682321325e+05
4.580776311202939542e+04
9.553690542443793674e+03
3.065883579997243214e+04
2.402402738718722685e+04
-3.633445137189546949e+04
-1.218483242695138761e+05
4.594251663868234027e+04
-2.509503711566673883e+04
-7.738519756546810095e+04
-8.717568911690294044e+03
-2.956027282193909195e+04
-6.155654249720540247e+04
-7.813834821580709831e+04
1.141932228197173026e+04
-1.483507070434083289e+04
-7.898082356219188659e+04
3.611820687434291176e+04
3.361973167141732847e+04
2.072391846948977764e+04
-7.482532067408325383e+04
4.068047199621544132e+04
1.222848752848709992e+05
1.371038128189298732e+05
7.011466349886212265e+04
-9.847703360145897022e+03
6.340376129289386154e+04
2.375222340856642404e+03
8.565821619218934211e+04
-1.781778959713249060e+04
-4.793926893703512906e+04
1.062029727832883145e+04
-1.106480803107958345e+05
1.368577150260963754e+04
-1.044565039728775009e+05
9.941777846532531839e+03
-1.256039305005782808e+03
1.004493640107418323e+05
7.705179062429313490e+04
7.376793552105670096e+04
4.708127799326501554e+04
4.952674339344864165e+03
4.546762600692715205e+04
5.234161455602884234e+04
-1.077024277448916982e+05
1.770249951463320394e+04
-6.080840870654214086e+03
-9.618013870297640096e+03
-4.227490474775325129e+04
