-5.407675147438466956e+04
4.852926821314656991e+03
1.428473516020796524e+03
-3.585717104523528178e+03
-6.444517997836015275e+04
9.331793379039219872e+03
2.192414986636579124e+04
-1.500523301654962415e+04
2.531997722833396401e+05
-1.872015715261801961e+04
1.863690650653579360e+04
2.016332344655630004e+04
4.576400910995303275e+04
-1.790590622102890120e+04
-5.507720962757978123e+04
-8.359354776423229487e+04
5.150980134864224965e+04
-1.155096597940150241e+05
-4.490742629161351942e+03
3.466796489675695193e+04
-4.023210683212723234e+04
1.888247624902341704e+04
3.579832535526686115e+04
1.078873674783477036e+05
1.609997255715487336e+04
-3.019315838254120899e+04
-1.168881210481938324e+05
-1.550736204009172798e+04
1.220305369626392712e+04
-4.669884608495980501e+03
-1.553716286813583974e+04
1.201536536874875019e+05
-1.671170572030837939e+05
-5.931543664345612342e+03
-4.410015836923965253e+04
4.579263020202158077e+04
7.045378396669044741e+04
-6.208962793323116057e+04
1.279097391394190636e+05
1.058830979344267689e+04
3.786236681591661181e+04
5.247629791856875818e+04
-2.407325213866586273e+04
-2.076213332705249195e+04
5.978570059483437217e+04
-9.866006977869235561e+04
3.649737062276742072e+05
-3.777541184781656193e+04
2.502486584340553964e+04
-3.496384365747091215e+04
-5.603867476912672282e+04
1.595120704565866617e+05
7.970670032058432116e+04
1.721544585986837774e+04
4.604882817091259494e+04
2.429686095313129772e+04
-7.582974186904763337e+04
-1.893377539397068322e+05
9.057787195005902322e+04
-3.782934110437554773e+04
-1.265899225537286547e+05
-6.837216910005794489e+03
-4.314418788267206401e+04
-1.047301495841478609e+05
-1.160572011854840093e+05
2.262694011320762729e+04
-1.490305084153151256e+04
-1.279394321124664420e+05
4.601969621514383471e+04
5.442889337016603531e+04
2.920665839288186180e+04
-1.196184594774344732e+05
6.415566365364882950e+04
1.771222077160863264e+05
2.008152881754266855e+05
1.095828149876173411e+05
-1.357520635990187657e+04
1.072222950119680172e+05
7.291286837216684944e+03
1.477230568602363055e+05
-1.836077229825708127e+04
-6.434762742852974043e+04
-1.480384774717364053e+03
-1.723594737348348135e+05
2.998117703560487280e+04
-1.713576878400371061e+05
2.657219801089676184e+04
-2.437267177440473461e+03
1.537541053244919749e+05
1.187439830923850241e+05
1.303800228769266396e+05
7.699840562218060950e+04
8.074519302408683870e+03
7.994317312747128017e+04
9.023236727639226592e+04
-1.660564935473327932e+05
1.629247111919270537e+04
-1.473965860543672170e+04
-2.416277628972959064e+04
-5.410464068576674617e+04
