-8.862607593937207639e+03
-8.143681358425295912e+03
3.120014284431563283e+03
8.152236741713561059e+03
-2.380289795885224885e+04
-8.637965892167416314e+03
4.797758914476900827e+03
-7.675382782674889313e+03
1.000279098493803904e+05
-2.235329049997526454e+04
-2.152117036226356504e+03
1.002266615050498513e+04
2.722789838664115086e+04
-6.290917422094345966e+03
-1.623100242974168214e+04
-3.684987323975885374e+04
1.928904970899748878e+04
-2.034618071633602085e+04
-1.063002041436221043e+04
5.297604120918069384e+03
2.290066928896660102e+03
-5.408892429034603992e+03
1.091995175158437632e+04
4.194768165383985615e+04
5.534098912435911188e+03
-3.055747848089092440e+04
-3.699442310663600801e+04
8.209596106551716730e+03
-6.489113101928072865e+03
7.904905855137134495e+03
-1.124717494567297399e+04
4.800359409345426684e+04
-4.678065747566201026e+04
1.166610777447259170e+04
-2.301943944078455388e+04
1.835832440016968758e+04
3.055185366520613024e+04
-1.964314444437912607e+04
2.888291669218732568e+04
3.766251404237948009e+03
2.609013571330315608e+04
7.806386866880107846e+03
-1.721336822423830017e+04
1.186512043304062900e+04
1.882624582399944120e+04
-4.170654252657489269e+04
1.180255523266225355e+05
-2.066535087566975562e+04
1.525891658075920714e+04
-1.582937765598356782e+04
-9.684574354526950628e+03
5.639634193446494464e+04
5.269460533067052893e+04
2.254627783853802612e+03
1.602221870419516927e+04
1.768839769103538129e+04
-1.947613776983696880e+04
-7.620728529763393453e+04
4.372678606507398945e+04
-5.562286558614301612e+03
-4.079720273225169512e+04
-2.877453870080775232e+03
-3.303512554425487178e+04
-5.016288625324513851e+04
-5.989082839996973053e+04
-1.172228704318120435e+03
-7.415093534805972013e+03
-4.456587379407066328e+04
3.004498494888287678e+04
2.226229769019449304e+04
1.283698574119791738e+04
-3.157840127499720984e+04
1.553792958641701262e+04
7.779262383569142548e+04
7.489096284107977408e+04
4.703804559062989574e+04
-8.851925559457340569e+02
3.438639139861891454e+04
3.966757673788422835e+03
3.876826050256980670e+04
-7.789722333882091334e+03
-2.481884890085532970e+04
8.500304172559990548e+03
-5.671663888086512452e+04
1.373141378803968473e+04
-6.666744777284335578e+04
-3.338643541696197644e+03
2.526179170214478654e+04
5.173656108283063804e+04
3.424321212408359861e+04
3.382904679723156733e+04
9.685587283370914520e+03
-4.553083926320425235e+03
2.495886879199248506e+04
1.482640058161530760e+04
-4.788130985088797752e+04
1.455855417581690563e+04
-4.232336623125123879e+03
-2.113576729067526685e+04
-2.447914298622004935e+04
