-1.084472448490378156e+02
-5.757000656421281747e+03
3.219253187479222106e+03
-3.620466038387512526e+03
-7.350427201415246600e+03
-8.444513137350950274e+03
2.530966611917363480e+03
-1.663794065450165363e+03
4.461343828683064203e+04
-1.594829427300633688e+04
-1.751490056968803401e+03
3.721215197486191755e+03
1.901810339154191024e+04
-3.262517801130357839e+03
-4.273246768341261486e+03
-1.815952710991153435e+04
5.595993064706717632e+03
-9.271479090313776396e+03
-3.168052634245526860e+03
1.468386700407318131e+03
-8.676655878857309290e+02
1.047185152214777190e+03
1.877510165124549530e+03
1.895278486833861098e+04
-2.283536995241396653e+03
-1.871229523859440815e+04
-1.479067123415468086e+04
1.056695594025305581e+04
-3.518045040142069411e+03
5.237253997943123977e+03
-4.347383436671017989e+03
1.711508214302921988e+04
-1.642194044052620302e+04
2.827588056867505657e+03
-1.426611978422281391e+04
1.231351789080962772e+04
1.117267434496921487e+04
-5.746244424789067125e+03
1.114078148045743364e+04
-7.283528560778067913e+02
1.667689932450846754e+04
3.146830342090906925e+03
-4.961513050786474196e+03
2.131862387093980942e+03
1.153677926158475748e+04
-2.275194345170553424e+04
4.651317046016670065e+04
-1.024884233211020182e+04
9.100577948413985723e+03
-8.794321649291377980e+03
-1.964406201987439999e+03
2.049667658589209896e+04
1.760795035067101708e+04
1.679132942373689730e+03
1.248708901213853642e+04
1.152477137525977014e+04
-1.041203478675178485e+04
-3.576421644766633108e+04
1.726998801267294039e+04
-5.757076798159643658e+03
-1.347594071546215127e+04
-5.078641506237530848e+03
-1.563781425719969411e+04
-1.667779796509024163e+04
-2.544606480925257711e+04
-1.657910585697041824e+03
-7.760310106432181783e+03
-1.692550604779100104e+04
1.473555017699097516e+04
9.511721125257376116e+03
7.316081282038663630e+03
-1.117933443454232474e+04
4.521553693428009865e+03
3.105028660137661791e+04
3.521733699915755278e+04
2.179753498069898342e+04
-1.141675603411015800e+03
1.698267228988747229e+04
-2.631753057846442971e+03
1.239082099266816294e+04
-3.033802633780520409e+03
-1.612294937107193255e+04
4.055123137944829068e+03
-2.284006519905303139e+04
3.467093371359107550e+03
-2.530534724909639044e+04
-1.065742922418721719e+03
1.049758700637596485e+04
2.500567156258721661e+04
1.218582525118399644e+04
4.751166745368798729e+03
-1.712140814900412806e+03
1.045301935722571216e+03
2.508974083075096132e+03
-1.900135705437357501e+03
-1.716624835229033488e+04
8.831589700573844311e+03
2.272262632308120374e+03
-8.204744148029956705e+03
-1.824702582323710885e+04
