-1.588288248692431807e+03
-1.074912183209769864e+04
1.100784945674612391e+04
-1.061260275505791833e+04
-1.758353013102511613e+04
-1.924537552148292889e+04
1.431714849117964332e+04
-8.696143610310900840e+01
1.072391515690705128e+05
-3.909714025196291914e+04
-5.526781424159002199e+03
6.876698595654874225e+03
4.490616907923423423e+04
-7.017245515075584990e+03
-1.088737652034316488e+04
-4.289140242230588046e+04
8.793163970218098257e+03
-2.301557435711829748e+04
-1.125807353909775702e+04
-2.606919361101754475e+02
-4.334668448394244479e+03
6.165609178902843269e+03
3.629189207369752694e+03
4.627679891575308284e+04
-7.678753807502158452e+03
-3.914956872918270528e+04
-3.840597308571360190e+04
2.010476482525983374e+04
-1.365059961705525711e+04
8.116373672317473392e+03
-9.390889286082718172e+03
5.166587485643420951e+04
-4.643009465066378471e+04
3.716025359118160850e+03
-3.519370988830254646e+04
2.978217200791300274e+04
3.082946367068390828e+04
-1.199853769727631880e+04
2.942997299857577309e+04
6.436767562756969710e+03
3.925155386219616776e+04
1.294389428741459778e+04
-9.730335159276968625e+03
5.873446593936405407e+03
3.178137326430399844e+04
-5.864838276370728272e+04
1.113649816468032805e+05
-2.783416025486697617e+04
2.710853093150132190e+04
-2.208020615186380019e+04
-5.389104524801208754e+03
4.620123209729812515e+04
4.360167515380421537e+04
3.583251393176018610e+03
2.821092929719553649e+04
3.068799449520852068e+04
-2.470881143937697198e+04
-8.300679535630920145e+04
4.504000207373612648e+04
-1.279926985708248685e+04
-3.157500567968806718e+04
-1.041043800571378961e+04
-3.796513996486993710e+04
-4.985863232895090187e+04
-5.899377105254548223e+04
-4.709036350779395434e+03
-1.364080177824859857e+04
-3.960314046915097424e+04
3.674772588113215897e+04
1.950561339335800585e+04
1.660016792060986336e+04
-2.187745055661176229e+04
1.394808814217141844e+04
7.435759199283442285e+04
8.911809644620437757e+04
5.422110031429980882e+04
8.824221162823960185e+01
3.882345051914622309e+04
-5.172178038691068650e+03
3.666273128567328968e+04
-5.122704755241808016e+03
-3.960000183865442523e+04
7.755081459189677844e+03
-5.069746960014951037e+04
1.218090385723391591e+04
-6.517016652564490505e+04
-5.536692575007327832e+03
2.598520087830320699e+04
6.233268547921226127e+04
2.584577980550280336e+04
5.729635915683933490e+03
-9.457966762568394188e+03
1.544175673351594014e+03
4.137998050043188414e+03
-3.462965336531551657e+03
-4.248878313020334463e+04
1.795879735514273489e+04
1.011400500623705011e+04
-2.263422070755086679e+04
-4.005601299632799055e+04
