-2.079735344704584350e+03
-5.905818070980574703e+03
1.992789417232528649e+03
-1.187417249064672433e+03
-1.264439512049301811e+04
-1.126593505368688056e+04
5.893445268002658850e+03
-3.622163040857631131e+03
6.152983102902138489e+04
-2.098831204877088021e+04
-1.293860034389068460e+03
5.745902061480242992e+03
2.780798589288030053e+04
-8.700487958312223782e+02
-6.554402584084375121e+03
-2.381313820527070493e+04
6.143095445268283584e+03
-1.343482533799522207e+04
-7.475633390348244575e+03
-1.720533515527829877e+03
1.757325344074346503e+03
-1.288321183033200214e+03
7.367692315772088477e+03
2.744502244018216152e+04
-5.628530284019529063e+03
-2.497518893773668242e+04
-2.106880112452854519e+04
1.429829115387466300e+04
-4.308147783505970438e+03
5.861236399202171015e+03
-8.275611493118150975e+03
2.502183548081514891e+04
-2.413062013547362585e+04
3.823887688076985796e+03
-1.916598376084460324e+04
2.133917435447522439e+04
1.590230945298561710e+04
-1.246414826351220836e+04
1.747753441402226235e+04
3.008284584015462315e+03
2.216050508047634503e+04
7.356704185931172105e+03
-6.333529919870066806e+03
3.561190039042921853e+03
1.629994861781167856e+04
-3.033387428093730705e+04
6.932295849046978401e+04
-1.515317578999382386e+04
1.295224529857384914e+04
-1.166087708496440246e+04
-4.137312245404056739e+03
2.921809859832601069e+04
2.612699809092456780e+04
5.816858526170690311e+03
1.877492483093767078e+04
1.409284566297095444e+04
-1.605057627090672031e+04
-4.842768461241443583e+04
2.849280902740017336e+04
-8.973373107566003455e+03
-2.049646057775921508e+04
-4.078659473752923077e+03
-2.251772100532393233e+04
-2.143897059917326260e+04
-3.557543182985571184e+04
-1.786018378920329269e+03
-7.863039267481159186e+03
-2.291576002006370254e+04
2.032576699713706330e+04
1.288693914592017245e+04
1.173407705175836054e+04
-1.182719230920348673e+04
1.009336101935086481e+04
4.218375545207562391e+04
4.892188385400760308e+04
2.829219384296690987e+04
5.954665335681056604e+02
2.396350712514833140e+04
-1.081218272289617744e+03
1.829408647048348939e+04
-1.405901647746301023e+03
-2.227748177606454192e+04
3.173045340377982939e+03
-3.122972701539029367e+04
6.676845299133907247e+03
-3.938229854689320200e+04
2.705161255264101783e+02
1.912580883683830325e+04
3.421338371260194981e+04
1.578872848641745077e+04
7.509312674510496436e+03
-1.348307863620313583e+03
-1.080181446502210747e+03
5.883457447337947087e+03
-4.930271089265133924e+02
-2.557614689027360873e+04
9.061797736503227497e+03
-1.482765040926344227e+03
-1.140618793041983008e+04
-2.330954790197940747e+04
