-1.679967555875160906e+04
3.090034134305333282e+02
1.066889215614857676e+03
-2.163394545393455701e+03
-1.658444616584376126e+04
8.404718489728693385e+02
4.826094029950851109e+03
-5.339981742676907743e+03
6.956593187993920583e+04
-3.565590066274569836e+03
5.183030073768466536e+03
6.689586521919009101e+03
1.279680004252638901e+04
-2.539105123723347788e+03
-1.787225881726265652e+04
-2.453805524963718199e+04
1.259261095570339239e+04
-3.138893457882577786e+04
-4.991046894466198864e+03
9.986323198024474550e+03
-1.350208673473071394e+04
5.532043558210851188e+03
1.080275914847294916e+04
2.921950295709850616e+04
3.987551489042478352e+03
-8.841174019009682524e+03
-3.136624867246243230e+04
-4.602955804537631593e+03
5.613236005116585147e+03
-1.404560845851839986e+03
-1.779769960604735388e+03
3.366636177701872657e+04
-4.620107828227452410e+04
-1.514167710551191703e+03
-9.807738816829278221e+03
1.132382806416219682e+04
2.069968433138361434e+04
-1.790309053538386070e+04
3.402729975200974150e+04
2.399868148150009802e+03
1.239513859531148046e+04
1.371120635170581227e+04
-7.906668654852168402e+03
-5.892805737410861184e+03
1.662557665610303229e+04
-2.559687671370973112e+04
9.937385972985709668e+04
-1.161925008209257794e+04
8.573453816304281645e+03
-1.101154960358237440e+04
-1.404906493142148247e+04
4.491070664694280276e+04
2.764200483600367443e+04
4.161302052024650038e+03
1.252618580815817222e+04
7.493459947101146099e+03
-1.832535699642833788e+04
-5.288059845011807920e+04
2.260385368986224057e+04
-1.144983931387469966e+04
-3.522592596151623729e+04
-3.059481653659386211e+03
-9.860381024469985277e+03
-2.714524568288429873e+04
-3.291447981229758443e+04
5.552352279880258720e+03
-6.103513522752182325e+03
-3.441096586082625436e+04
1.360630991330347752e+04
1.218222612117201061e+04
8.486933467888040468e+03
-3.177250759249662224e+04
1.737261549827281124e+04
5.080237514521550474e+04
5.899747886525154172e+04
2.990763213297594484e+04
-4.577888343211183383e+03
2.966335380768232062e+04
-2.077957360907683324e+03
3.829690334493092814e+04
-5.222037504320396692e+03
-1.903150186671394476e+04
1.556912541049532592e+03
-4.427184029807377374e+04
7.501594094007999956e+03
-4.622982476735210366e+04
8.119414954403982847e+03
-1.453811395936500048e+03
4.133821411062859988e+04
3.182454748615629069e+04
3.552407526810752461e+04
1.965416164851008216e+04
1.730173233488327242e+03
2.028246422549519048e+04
2.221837718364739703e+04
-4.592223093174482347e+04
2.404641359202092644e+03
-4.490971325149992481e+03
-6.587427469700869551e+03
-1.661877008393307551e+04
