-4.879919345822088508e+04
-8.627905607669134042e+03
4.253843827731558122e+03
4.444544488644794910e+03
-6.915574707517529896e+04
2.528062074263585237e+04
1.851418143914280881e+04
-4.300227212288635201e+03
1.989562753380966606e+05
3.350441591072594747e+03
2.088564843442327037e+04
1.607954942492049304e+04
5.816688873599923681e+01
-2.811393728055075189e+04
-4.717431193166362937e+04
-5.922772781453964853e+04
3.825311850402300479e+04
-7.881568571553273068e+04
1.123302369687907049e+04
5.394835983060041326e+04
-5.181109759461685462e+04
1.489558870690135882e+04
1.865764640234463150e+04
9.633250509756087558e+04
2.339955349058413049e+04
-2.385903097530383093e+03
-9.063074191116327711e+04
-2.845025159337212244e+04
5.072482627283260626e+03
-2.311206091913776618e+04
-9.643560781253236200e+03
9.922414218882727437e+04
-1.291887953401001432e+05
-1.326267804202128900e+03
-7.857755857124813701e+03
2.587414361301848840e+04
4.876469185761160043e+04
-3.168289226096815401e+04
1.018437715650150785e+05
-2.466308235353564669e+03
1.413035373817586515e+04
4.199523869882180588e+04
-5.033835736034670845e+03
-2.228236223701076233e+04
4.407230668002921448e+04
-7.625300132085038058e+04
3.065199649545510183e+05
-2.888916948205372682e+04
7.828127845491151675e+03
-2.293314698513207259e+04
-5.045746273089860915e+04
1.320938898578659573e+05
6.375155606563379115e+04
2.242413477757998771e+04
3.036602230343791598e+04
6.728531697389133114e+03
-4.291091486660564260e+04
-1.518251033542545047e+05
4.882337160833683447e+04
-2.631425160751795920e+04
-1.083090196201564104e+05
-7.475294242897696677e+03
-1.644625984346697805e+04
-6.394360127453711175e+04
-7.544235834267835889e+04
2.886468172823608620e+04
-2.209270528662859579e+04
-9.220387624109191529e+04
2.514132338850673841e+04
4.558370450579258613e+04
1.043844494722702075e+04
-1.056450745351664082e+05
5.189252895860873105e+04
1.349033910240956757e+05
1.460284830886269046e+05
8.705145801846176619e+04
-1.472538377921615029e+04
7.955560414615881746e+04
4.345763510354248865e+03
1.230951957034295192e+05
-2.107274842776918376e+04
-4.364748571708961390e+04
4.945364476931175886e+03
-1.431105118642451125e+05
9.410516902982028114e+03
-1.070437967834209412e+05
1.911664440148303038e+04
-2.957123096068092855e+04
1.106831619790088298e+05
1.102547542643328197e+05
1.210180297885785403e+05
9.325003833825814945e+04
2.153842684009860386e+04
7.466083421736957098e+04
1.013806527487585990e+05
-1.403585033813299960e+05
3.698687326977822522e+03
-1.686854552735729158e+04
4.052131445237963817e+03
-2.043673277159950158e+04
