1.750173644138167219e+03
-7.744721606688675820e+03
5.575920708858255239e+03
-4.063019653926094179e+03
-1.480981473252557043e+04
-1.660436111386912671e+04
9.886551781403410132e+03
-1.208623117230512435e+03
7.823883176999520219e+04
-2.963493940925361312e+04
-3.989559022721168731e+03
6.352542726066305477e+03
3.174607871610506118e+04
-6.443027754171769629e+03
-4.363568847561829898e+03
-3.055825101911362071e+04
7.311666701731377543e+03
-1.411741443052468821e+04
-8.189216522113580140e+03
3.201989888699099538e+02
2.971713420133935870e+03
2.440902072126729763e+03
2.639384502906686976e+03
3.575670999219836085e+04
-4.212972343362169340e+03
-3.284161263695808884e+04
-2.576312511423743490e+04
1.777498625861749315e+04
-9.738888259785740956e+03
9.990766917446781008e+03
-8.822177975486469222e+03
3.570075217914592940e+04
-3.216892532651397050e+04
7.219802259531476011e+03
-2.436317451880083536e+04
1.977500873455625697e+04
2.164493084965446906e+04
-1.178894438103373977e+04
1.872840073856327217e+04
8.371816818695151596e+02
2.910110653986479156e+04
2.468588620001130039e+03
-9.646564436097673024e+03
7.142141173650124983e+03
2.013700094764881214e+04
-3.827296348974402645e+04
7.782159072964913503e+04
-2.171379503696976462e+04
1.459874935879670375e+04
-1.334305777702415799e+04
-3.539653923734716955e+03
3.490833010138502868e+04
3.536934823884045181e+04
1.586396314960258678e+03
2.138178390515787760e+04
1.967003800617420347e+04
-1.814640060263129999e+04
-5.804803613336519629e+04
3.658413112030689081e+04
-8.994617594068788094e+03
-2.504312342258180433e+04
-4.935375504508338054e+03
-3.245844894166808808e+04
-3.365267626726368326e+04
-4.655888798677471641e+04
-1.162339985777041875e+03
-7.458927179527148837e+03
-3.177983033391923527e+04
2.568484957849541388e+04
1.610928431442208239e+04
9.733513053275457423e+03
-2.030481529660283559e+04
5.909832652836383204e+03
5.666164580905067851e+04
6.142162137433396128e+04
3.787166616987652378e+04
6.618358711558976211e+02
2.615634581995844565e+04
-2.212244644733000314e+02
2.463993276870673435e+04
-5.467576243104886089e+03
-2.606196476898394758e+04
5.697860628713351616e+03
-3.791132575462259410e+04
6.753569595831246261e+03
-4.915779667425851221e+04
-2.804297886467800708e+03
2.471393842111340928e+04
4.195218091702690435e+04
2.001488786701042045e+04
8.415047359291100292e+03
-2.452155488948483253e+03
1.234699521748407278e+03
5.686447511451697210e+03
-2.915845746314559619e+03
-3.094323812539465143e+04
1.564301912228571746e+04
3.060073168081449694e+03
-1.539020054710253680e+04
-2.912340343700508311e+04
