-2.240848151486346978e+03
-1.564525187657562492e+04
8.936625995494829112e+03
-5.551240415974883945e+03
-2.532700366567548554e+04
-2.216089239704486681e+04
1.155662266217744036e+04
-5.909242223170207581e+03
1.274737892601852800e+05
-4.839242828740493860e+04
-3.550087334823954734e+03
5.577691010312759317e+03
5.357835873952227848e+04
-5.562473275369608018e+03
-1.379854319243891041e+04
-5.054908173241076292e+04
1.263776102012337469e+04
-2.422874791515215475e+04
-9.818186017280211672e+03
-1.317565553263655602e+03
1.331757525573961175e+03
-1.919968145640945295e+03
1.002691249042749405e+04
5.179035929236857919e+04
-1.037515407169090759e+04
-4.974532621109406318e+04
-4.274653554514377902e+04
2.470736567763617495e+04
-1.555344186209810505e+04
1.073276343331001408e+04
-1.692399343373379088e+04
5.586457376429298893e+04
-5.084355337817945838e+04
1.340436437783527435e+04
-4.364017604630253481e+04
3.942407006931265641e+04
3.678443144761495932e+04
-2.080540028731244820e+04
3.076688656073439779e+04
4.290112800189774134e+03
4.456944916950250627e+04
1.011647624800115227e+04
-1.662616865243628854e+04
1.328495570441469317e+04
3.340401474935276929e+04
-6.633861627695051720e+04
1.359146043734431150e+05
-2.956541375810642785e+04
3.002751120173383970e+04
-2.163834641401967747e+04
-4.551902813096734462e+03
5.909292381361419393e+04
5.592513293266065739e+04
9.279971063510427484e+03
3.165404440711663483e+04
3.400159557255997788e+04
-2.458229381854674284e+04
-1.019003294359220017e+05
6.034262817875674227e+04
-1.272535851976070262e+04
-4.076024004045106267e+04
-1.206861933032461093e+04
-4.797500748317136458e+04
-5.708677035833139962e+04
-7.400834048940385401e+04
-1.740925032427199767e+03
-1.531831913645188615e+04
-4.748619467385121243e+04
4.208250691989701591e+04
2.229594465980959285e+04
2.413483197215168911e+04
-2.870810897710506106e+04
1.629964501898695016e+04
8.674420513324334752e+04
9.872207069437863538e+04
6.409064737611557211e+04
8.412441515734535642e+02
4.324110988961957628e+04
-1.861093940078222658e+03
4.233847919119228754e+04
-7.009968440577686124e+03
-4.492777080033991660e+04
1.298308418131938379e+04
-6.340689420111374056e+04
1.567346099226481601e+04
-7.641456496105818951e+04
-2.524010220909018244e+03
3.812773389280948322e+04
6.913691939305854612e+04
3.063290623631413473e+04
1.642870174347428838e+04
-5.436311615586550033e+03
2.079672533936485706e+03
7.850216337896839832e+03
-3.514469815010423190e+03
-5.045948398928782262e+04
2.760295760940152832e+04
1.110632184672125732e+03
-2.797095644195935165e+04
-4.665202362223644741e+04
