-5.044041545842432242e+04
-2.233307787618221482e+03
1.048819691642444377e+04
-9.386437377756436035e+03
-5.424414727271401352e+04
1.500512527701748331e+04
1.666073465342966665e+04
-1.068560840799441212e+04
2.112264545238546270e+05
-1.107737690237565403e+04
1.606849053616102174e+04
2.122063965048437240e+04
2.030245991575982407e+04
-2.052313699068962160e+04
-5.007983040234380314e+04
-6.545314924464639626e+04
4.114286163713590940e+04
-9.028817634209521930e+04
4.149700351165593020e+02
3.546820837664958526e+04
-4.629852735719883640e+04
2.300770272815554199e+04
2.296871767834029743e+04
9.405289539756311569e+04
2.430284627276880201e+04
-2.178806102475332591e+04
-9.582560326497393544e+04
-2.096487033577640977e+04
4.569107009407876831e+03
-1.381946787491851865e+04
-9.385757560452315374e+03
1.075789895199807215e+05
-1.423220920081920631e+05
-2.207131714211078361e+03
-2.190903213153458637e+04
3.328053154053378967e+04
5.764660108116820629e+04
-3.566724412905454665e+04
9.976473119420051808e+04
4.707362469956875429e+03
3.278675752097896475e+04
4.125939804912156251e+04
-1.953885189662680204e+04
-9.196290895040026953e+03
4.605040052537962038e+04
-8.760271821079924121e+04
3.117354308046259684e+05
-3.719699728899083129e+04
1.761127136486442760e+04
-2.592785233780309500e+04
-4.350468899997948029e+04
1.325094558044379228e+05
7.413470869900527759e+04
1.288306622148843053e+04
3.426862064032689523e+04
1.489118576091852628e+04
-4.781389853000425501e+04
-1.687623511902867467e+05
6.148122490586589265e+04
-3.261029083213271224e+04
-1.039639660627794947e+05
-6.684398620490414032e+03
-2.063754135913080972e+04
-8.039871446351322811e+04
-9.031814698061520176e+04
2.089499817599586822e+04
-2.669982513385354832e+04
-9.828737185426958604e+04
3.699012862393419346e+04
4.050995784666735562e+04
2.134945375857694307e+04
-1.035599178696788149e+05
5.095361050551070366e+04
1.538644930498937028e+05
1.694571699755090813e+05
9.019552443400798074e+04
-9.420076356990455679e+03
8.627422554978953849e+04
-4.137727083128214872e+03
1.260290805429285392e+05
-1.318111457843490280e+04
-5.328740769184331293e+04
7.170278578619338077e+03
-1.468423299760890659e+05
2.209830941736873137e+04
-1.258627633279293368e+05
1.733822393405555340e+04
-1.360579950612778339e+04
1.213825989281169605e+05
1.117992018056245288e+05
1.110021243434065254e+05
7.174212045134135406e+04
1.129052155954482805e+04
6.781489026584202657e+04
8.283132737485261168e+04
-1.505270304315622197e+05
9.569374366887761425e+03
-1.184351393364218166e+04
-7.184010409947632070e+03
-3.859778807478434464e+04
