-1.586369071781581624e+04
-3.372528012894548738e+04
7.270611194415159844e+03
1.074780873205334501e+04
-5.398315583040435013e+04
-3.054705180796984496e+04
2.560631704677345988e+04
1.358815627563533781e+03
2.326601720095212222e+05
-5.965668644728388608e+04
-4.455142925931574609e+03
1.807158256257511675e+04
8.635018344206371694e+04
-1.380727842839734512e+04
-2.693634286184634038e+04
-8.890994633723724110e+04
2.316496370540740463e+04
-5.419421513863838481e+04
-2.332340859459518106e+04
2.763029434801726165e+04
1.819711254267898767e+03
6.942423229003179586e+02
4.581594037948561891e+03
1.036551484764573834e+05
-4.928611352662112040e+03
-7.134261413186987920e+04
-8.245809746818363783e+04
2.411513039534192285e+04
-2.639156513758614528e+04
1.395142017695061804e+04
-1.957939382030960405e+04
1.192075555116124306e+05
-9.475339953426521970e+04
4.026465226166008506e+03
-6.222149460611066024e+04
5.393555510516529466e+04
6.305693073963832285e+04
-3.400116498271725141e+04
6.124496732665743912e+04
9.347058757199309184e+03
7.082796303149827872e+04
2.269575834345901967e+04
-1.843496802222865517e+04
1.279893215523186154e+04
6.335588577998348774e+04
-1.133585205628748372e+05
2.555181089169905172e+05
-5.229103038851651218e+04
4.484491991517502174e+04
-4.094533101959148917e+04
-3.036021199711757072e+04
1.293522091503622651e+05
8.432070784965116763e+04
4.520556950376427267e+03
4.553176066630248533e+04
5.688579764619487833e+04
-5.323345373747100530e+04
-1.702089372323805001e+05
9.248138112354512850e+04
-2.025350465394859930e+04
-7.959235109254404961e+04
-1.866554131150766989e+04
-8.314494319032551721e+04
-9.452063757625417202e+04
-1.257215007848498644e+05
-3.483338566270277170e+03
-2.543104886557435748e+04
-9.367728927029768238e+04
7.160549076098686783e+04
5.432416139989290969e+04
2.618547108684070554e+04
-6.003813710350483598e+04
3.800269449082201027e+04
1.662642046463008737e+05
1.732675971955230925e+05
1.173380439103732642e+05
-7.183204253762429289e+03
8.919968443662286154e+04
1.374595857716964383e+04
7.962389849420053361e+04
-2.513300919073216210e+04
-7.606005373201692419e+04
1.495192669104548986e+04
-1.307663387281120522e+05
2.195531570814122824e+04
-1.454942247666390031e+05
-1.250226071233921903e+04
5.262622492504533875e+04
1.252395949729128624e+05
6.998025451567828713e+04
3.981211482791474555e+04
1.159058622622121766e+04
-3.399839103123025779e+03
3.344197143926534045e+04
1.946194341766123034e+04
-9.567093515115215268e+04
3.981546654985343775e+04
6.307976488609810986e+02
-4.232788425217050099e+04
-6.678228838207079389e+04
