-6.672109043153044695e+03
-2.461962268996529019e+04
7.465555733569315635e+03
-2.623983594162469672e+03
-2.939626418990929233e+04
-2.639567283791815862e+04
1.887737080109780800e+04
-7.287233651511705830e+02
1.388740176924662373e+05
-4.294386950186084869e+04
-4.707110770708129166e+03
8.835547577826797351e+03
5.767640196695815393e+04
-2.720207277136891207e+03
-1.129583117012948969e+04
-6.050102579069458443e+04
5.084067885037433371e+03
-3.402408587426447775e+04
-1.729274618214695511e+04
4.924952125405709012e+03
-7.642313958127087972e+02
1.286750508694385644e+03
9.504802094011218287e+03
6.527409753516328055e+04
-1.783589262108024559e+04
-5.003937150104231841e+04
-5.200827166968543315e+04
1.786315633252909902e+04
-2.330119793064641635e+04
7.024994644848367898e+03
-6.632016756092305513e+03
8.029315876816969831e+04
-5.942003893956678803e+04
4.082409391223067360e+03
-4.362251743504583283e+04
3.956173873794575047e+04
3.773699848496972118e+04
-1.655963285977827036e+04
3.699053550861772965e+04
6.135403519901024993e+03
4.662229161468428356e+04
2.035253146610613476e+04
-7.223532783346287033e+03
8.256682580069274991e+03
4.632732516822393518e+04
-7.485528329307875538e+04
1.448964358785399818e+05
-4.561094191574563592e+04
3.952111785492198396e+04
-2.690411878927155340e+04
-1.216198381312056154e+04
6.670302527662644570e+04
6.161088460334493720e+04
1.339433022911074659e+03
3.545578833357948315e+04
3.680146954290824942e+04
-2.900055465319997893e+04
-1.097709937844927190e+05
5.826567026506745606e+04
-2.029603810934163266e+04
-3.811455595289382472e+04
-9.274754474856272282e+03
-5.404556450841225160e+04
-6.021606471076157322e+04
-7.623579573126572359e+04
-4.660637339216158580e+03
-1.649919190898266970e+04
-5.998685817945109739e+04
4.833358857058347348e+04
2.841828697988979548e+04
2.238561611732043093e+04
-2.791065164886809362e+04
2.049445034776980901e+04
1.012492024807533016e+05
1.141860840299762785e+05
7.465757423450557690e+04
-3.381996404885136144e+03
5.461977490252557618e+04
5.947066795636099414e+03
4.661420349946593342e+04
-1.139057409444865334e+04
-5.346074485287428251e+04
8.231387435078304406e+03
-6.804635104607440007e+04
1.289757853978580169e+04
-9.207582860330730909e+04
-6.332814609040524374e+03
3.701900321583952609e+04
8.227298697959541460e+04
3.837906806366375531e+04
1.313423145382104849e+04
-1.344629150086929440e+04
3.881145720264296870e+03
9.175773446091719961e+03
-2.631104761629568202e+03
-5.163789693941883161e+04
1.908222066310074297e+04
1.269774931834145536e+04
-2.622572324463611221e+04
-4.641334046832285821e+04
