8.037878682384180138e+02
-1.499855971201905049e+03
5.695962747816447518e+02
-1.377203118164965417e+03
-2.993183980862420867e+03
-2.614095800894872809e+03
5.844876026454476232e+02
-6.274885341595763748e+02
1.346843775341560831e+04
-4.932620912991420482e+03
-4.108574231660168152e+02
1.222105806279709213e+03
5.928978108183575387e+03
-7.350512038237211527e+02
-4.807338552983419504e+02
-6.199989857667067554e+03
1.983594414031167616e+03
-3.469092779774626251e+03
-1.549815970688709058e+03
1.739805631758354139e+02
-3.006383777446681052e+02
1.575125133701221785e+02
1.314866307084594155e+03
6.674066700007533655e+03
-1.335444146589354204e+03
-5.593279623321257532e+03
-4.580320560501128057e+03
3.564036996796872700e+03
-9.024909136086971557e+02
1.632742421459930483e+03
-1.334938742342259502e+03
5.960671447336979327e+03
-5.390279156388976844e+03
1.125131360214087181e+03
-5.168072459746676032e+03
4.242253578127681976e+03
3.684317189519933891e+03
-2.745680497706445749e+03
3.653833949918096550e+03
5.775461098356754519e+01
4.456617794104618952e+03
7.237083956810238305e+02
-1.741899815748824039e+03
4.167939717424596893e+02
3.466439801151878783e+03
-6.836827137857122580e+03
1.437759945464579505e+04
-3.852153269920105231e+03
3.293647488276619697e+03
-2.873374269228304911e+03
-1.826517968323896639e+02
5.675231262361296103e+03
6.249208385733450996e+03
5.225266895829699934e+02
3.665786547809373587e+03
3.923238642511947546e+03
-3.682637300240632612e+03
-9.828572807229662430e+03
6.216264828895524261e+03
-1.609435371443672921e+03
-4.681838661702960962e+03
-1.055517760071103112e+03
-5.120588736827863613e+03
-5.345942235388705740e+03
-8.355299130329178297e+03
3.652065088482631836e+02
-1.057517075294890674e+03
-5.610336563466073130e+03
4.851834667211049236e+03
2.536281607364624506e+03
2.240528955586676602e+03
-4.016843079569398469e+03
1.201733152448869077e+03
9.640394917559598980e+03
1.099642739088737289e+04
7.171563850295824523e+03
-4.357265489500423428e+01
4.754464855406014976e+03
-2.639220549662422854e+02
4.858935998870423646e+03
-1.072844249466375913e+03
-4.942998059274836123e+03
3.015304602211108431e+02
-6.674904176801013818e+03
1.304038416449853685e+03
-8.593807899836290744e+03
-2.792426016616955167e+02
4.566884860130267043e+03
8.010082567783014383e+03
3.390074903359171003e+03
1.999025792990294576e+03
-3.915205842457944527e+02
7.893572881383006461e+02
1.065273605095993844e+03
-8.669407784287386676e+02
-5.079589492811937816e+03
2.884652997939614579e+03
4.711582294163818005e+02
-3.317677021925614099e+03
-5.020110053508673445e+03
