-7.092695673932554200e+03
-5.110722303112233931e+02
1.624825676451473555e+03
-1.001932241215956310e+03
-1.086349968737255949e+04
-6.927618866038901615e+02
3.065789852808738942e+03
-1.817491212280838226e+03
4.134437174746495293e+04
-4.773508462517616863e+03
1.167181010815693298e+03
3.567240320677548880e+03
7.149251581056472787e+03
-5.085192948213632917e+03
-9.839811925580588650e+03
-1.152562809521974850e+04
7.739325634218805135e+03
-1.640456291025271275e+04
-1.641908348349963489e+03
4.959606163458314768e+03
-4.557618247619568137e+03
5.389360199606111564e+03
3.758168521627521841e+03
1.458215380793390796e+04
3.087578236528373964e+03
-5.740681036966219835e+03
-1.587943758120048733e+04
-7.273820543244328292e+02
9.345855926018666651e+02
4.888843869923512102e+02
-2.767560290739602351e+03
1.561670344582654070e+04
-2.388212604650660069e+04
-2.695529063211506582e+02
-5.269234814524303147e+03
4.477637749025510857e+03
9.639530162888768245e+03
-9.170658366977295373e+03
1.948989178395246563e+04
2.866370802188786911e+03
8.739056841284138500e+03
6.668245591757256989e+03
-5.771677416867343709e+03
-1.612680631766397710e+03
8.261305097830343584e+03
-1.587752139689667092e+04
5.614135828262224095e+04
-5.021002534464350902e+03
2.558077867229298135e+03
-5.297057417010102654e+03
-1.030870530224774120e+04
2.399599124986791867e+04
1.173749959812125599e+04
1.897292520277487711e+03
6.999862668397137895e+03
5.028511596109252423e+03
-1.173375523210450774e+04
-2.959380990487520467e+04
1.330717406960185326e+04
-4.179073526931530068e+03
-1.953977515614946606e+04
-8.015732463503081817e+01
-6.787300149885675637e+03
-1.456670363089648890e+04
-1.892707385276035347e+04
5.682027921440472710e+03
-2.734325616348462063e+03
-1.832342598017707496e+04
7.968455845304451941e+03
8.685004178078350378e+03
4.897680911455463502e+03
-1.821749086158804857e+04
9.651087544737092685e+03
2.820534303648458808e+04
3.070284751725947353e+04
1.642261272814105905e+04
-2.696173566448662314e+03
1.643379137725830878e+04
6.108556722692155745e+02
2.006505256229685619e+04
-2.762508781654905761e+03
-1.092590565299874288e+04
2.104733074397678138e+03
-2.615971344664739445e+04
5.436535569618783484e+03
-2.450179254780730116e+04
2.759158429417011575e+03
2.042571482166764326e+03
2.186734053106087958e+04
1.702319560874981107e+04
1.753741821224760497e+04
1.129518292345042573e+04
-5.086989278209512122e+01
1.165898811804330035e+04
1.159617832874547457e+04
-2.637052620452792326e+04
4.422882592156995088e+03
-2.848518124967755284e+03
-3.878556102122665834e+03
-9.187417980470418115e+03
