-2.353788134052738314e+02
-1.091955976883597395e+04
5.167959627511092549e+03
-1.157348350703741744e+03
-1.700465837659394674e+04
-1.316609521929657785e+04
6.767775875749095576e+03
-4.502709832236680086e+03
8.431199390054872492e+04
-2.865677396589328418e+04
-2.548633172319800906e+03
6.780129200470866635e+03
3.817825629675451637e+04
-3.044951020212385629e+03
-7.226609759027836844e+03
-3.624980412237796554e+04
9.372915910635965702e+03
-1.983411933889331704e+04
-1.171449671925989969e+04
2.261073286439641379e+02
2.195784624718518899e+03
-1.626040799158407026e+03
5.813834439108162769e+03
3.778181466795652523e+04
-5.047294251297524170e+03
-3.440298946146577509e+04
-3.172207221173722792e+04
1.792213187335642579e+04
-1.026943236842903934e+04
3.960977018544464954e+03
-7.887041280469173216e+03
4.028788264435555902e+04
-3.277829892512108199e+04
8.708620891930968355e+03
-2.731347800752075273e+04
2.321888473511725897e+04
2.373959701116738142e+04
-1.540804232860097181e+04
2.132352800277451024e+04
1.025719262346392497e+02
2.830892065846026526e+04
6.062273705230683845e+03
-9.332791664831820526e+03
5.150159934193688969e+03
2.203612041315470924e+04
-4.121044796567215235e+04
8.724307247430090501e+04
-2.309294152887349992e+04
1.952821118209031556e+04
-1.656916196623389260e+04
-3.748163751793537813e+03
4.041521452043291356e+04
4.091868346670015308e+04
1.755867888206124917e+03
2.176700637999561150e+04
2.108914146899545449e+04
-1.702162803957569122e+04
-6.332596868242066557e+04
3.562088809267262695e+04
-1.109326772404013900e+04
-2.671067924316501012e+04
-4.666663264643662842e+03
-3.341808141196976794e+04
-3.580152753687957011e+04
-5.077728432194759080e+04
-3.343713566800806802e+03
-9.053667169713997282e+03
-3.353713936963833112e+04
2.547243846500912332e+04
1.710996743657048501e+04
1.297558439381336211e+04
-2.017066385135814198e+04
1.000553055560825669e+04
6.211148252085340209e+04
6.610491601045962307e+04
4.339308634941064520e+04
-9.275752282570292664e+02
3.133891444225861778e+04
1.253272264108258241e+03
2.763257292315103405e+04
-5.560991575856423879e+03
-3.049891528973839377e+04
5.880013475062471116e+03
-4.036339692097905208e+04
7.314814814549863513e+03
-5.532111975240554602e+04
-3.664898791926156264e+03
2.593868947510862927e+04
4.674930151545576518e+04
2.308937622817434749e+04
1.238422786495398032e+04
-5.170715687822696054e+03
4.844815194838338357e+01
7.668490532972748042e+03
-3.899203199281870184e+03
-3.299948150582736707e+04
1.528306106425718826e+04
1.748527001662190742e+03
-1.796684994403653764e+04
-2.942662670443319439e+04
