-1.889659161136394687e+03
-1.216272968093800773e+04
6.167177685214952362e+03
2.777330921117154503e+02
-1.451641696192060772e+04
-1.044261823693597398e+04
9.110381593296609935e+03
-2.720187326249142643e+03
8.009510212801824673e+04
-2.801602961015971232e+04
-3.048774066211863101e+03
4.694437675827983185e+03
3.480227300274193112e+04
-1.756864125211235660e+03
-7.138148754993178954e+03
-3.242146198194098542e+04
7.439159742497322441e+03
-1.883396232494940341e+04
-6.015184985968298861e+03
9.790995515077011078e+02
1.529276744316870463e+03
-1.059185922723168915e+03
6.127158390018958016e+03
3.491546260445719236e+04
-7.970637251972580998e+03
-3.241541578330328775e+04
-2.912829162831661233e+04
1.627825531326589771e+04
-1.224114015426011247e+04
7.002205277456661861e+03
-8.027923849492231966e+03
3.554865947602540837e+04
-3.140886475241219159e+04
7.793160501032805769e+03
-2.533483360622952750e+04
2.309065233094844734e+04
2.295228721776818566e+04
-1.279055791943867371e+04
1.952807871999171402e+04
-2.691800241936216480e+02
2.722345889131014337e+04
7.190533219571283553e+03
-6.576025984724132286e+03
5.750119952229666524e+03
2.193710834309847996e+04
-3.854014075267332373e+04
8.415538709418699727e+04
-1.930226750675575386e+04
1.687262614326071343e+04
-1.482914811571147584e+04
-5.800078764778096229e+03
4.017759885924171249e+04
3.358069728279059927e+04
6.080372301895717101e+03
2.428997022421752627e+04
1.872753644834263105e+04
-1.854750948789154063e+04
-6.304065338302977034e+04
3.409131338152622629e+04
-1.416726655381122691e+04
-2.295387408140290790e+04
-4.955681224876228953e+03
-3.108266357205368695e+04
-3.011696286939732818e+04
-4.938531280245426751e+04
-1.604792204612924252e+03
-9.485936705919564702e+03
-3.151299122061635717e+04
2.270279006431306334e+04
1.923266365308227250e+04
1.244870829246765243e+04
-1.979262183490562529e+04
9.631425028655834467e+03
5.534031421987153590e+04
5.931139949685223110e+04
3.816906320171187690e+04
-1.809196850161544717e+03
2.962873841502374125e+04
2.996855207793327281e+03
2.273449068890106719e+04
-7.493163730757267331e+03
-2.764708495054801460e+04
5.150551879900256608e+03
-4.020248758339630149e+04
6.179260836420238775e+03
-5.271110188225253660e+04
-2.135427403001718631e+03
2.238557664145909075e+04
4.513994279865415592e+04
2.325511656278208466e+04
1.159051723340701938e+04
-5.432843776367044484e+02
-5.730228850579078426e+01
8.400726786307757720e+03
-1.507415463196723977e+03
-3.036958028997856309e+04
1.544004331727791578e+04
1.900501474701217376e+03
-1.240950375889820134e+04
-2.826612374225494204e+04
