7.147254075214732438e+00
-3.244494116645066242e+03
4.035247536686511012e+02
-3.766820089918546728e+02
-7.391903803355899072e+03
-3.659056632255194927e+03
1.774177471636925475e+03
-7.908483668371845852e+02
3.669637271945488465e+04
-1.114420863741987341e+04
-1.315945784434512461e+03
2.698458820699961507e+03
1.493791339733200584e+04
-2.342228157720954187e+03
-2.488870511619956233e+03
-1.612950756500836360e+04
7.967371971916667462e+03
-1.130883796386387985e+04
-1.946745524927697261e+03
1.904864374510209018e+03
-6.209427613267798733e+02
1.783125503143673996e+01
4.758909444654796971e+03
1.759294857041950672e+04
-1.304635347713061492e+03
-1.306919601173669798e+04
-1.240232465513891657e+04
9.650815034781739087e+03
-2.377200966735432303e+03
4.929832078041894420e+03
-3.853035602894753538e+03
1.404976778572915646e+04
-1.503882267891468655e+04
4.632679431356344139e+03
-1.253652167466259561e+04
9.545685038020725187e+03
1.096013811548374360e+04
-7.494917358401580714e+03
1.093625344102925374e+04
-2.402507030905646388e+03
9.861441060683719115e+03
2.739318207095127946e+03
-4.072741735810493992e+03
4.418252115501818480e+02
9.415667726753614261e+03
-1.588853302544847247e+04
4.020538235638471087e+04
-8.533014144800559734e+03
7.133710558207563736e+03
-7.622189758623186208e+03
-3.547075448296360264e+03
1.869859902130617411e+04
1.462240509596292031e+04
2.241030418764887145e+03
9.378494809468313179e+03
7.263745083113710280e+03
-1.099545693277518149e+04
-2.715675486653194821e+04
1.579603575813272619e+04
-4.238843124511964561e+03
-1.374451226821274759e+04
-3.090277042781890486e+03
-1.427317918473506506e+04
-1.346227946766054811e+04
-2.194166305313922203e+04
3.153680474644643255e+02
-3.822811373349031783e+03
-1.744511256211890577e+04
1.113000880736746331e+04
9.135016686500675860e+03
4.811694532357476419e+03
-1.362543990046795807e+04
2.197605564058612799e+03
2.580305173512459442e+04
2.683838298616969405e+04
1.815549557724583428e+04
-8.688675228807696840e+02
1.454492410185586050e+04
1.574325329136139771e+03
1.152482979046510445e+04
-4.439603774642211647e+03
-1.134852424651188267e+04
7.088795068354284012e+01
-2.046723530153121828e+04
2.791382840042031603e+03
-2.340767611151668825e+04
1.121963786054257071e+02
8.933884454776991333e+03
2.245435159798235691e+04
1.026853782294526172e+04
7.812543780867890746e+03
3.756334407358088356e+03
6.493843124479753897e+02
5.359988159516754422e+03
-3.722701671027216435e+02
-1.545718608370990842e+04
8.129787067166871566e+03
-1.300686695793236140e+03
-7.214967194388535972e+03
-1.326239143944227362e+04
