-7.491216497072553466e+03
-8.451083704305376159e+03
5.492016329031943314e+03
5.152180794863234041e+03
-2.244661415471718647e+04
-7.283820942734229902e+03
6.779156081351953617e+03
-2.728271618174039759e+02
8.957551433470945631e+04
-2.144706684456468429e+04
8.234938453239537921e+02
9.287484932642692002e+03
2.400009223032265436e+04
-1.045059115618958458e+04
-1.223333276552392635e+04
-3.104058261447147015e+04
1.669227479992830922e+04
-2.721613063267381222e+04
-3.325498416445792827e+03
1.161888948716674713e+04
2.276655992831583717e+02
4.312721620158568840e+03
5.088706527668931813e+03
3.526864946969505399e+04
-1.601966985746279533e+03
-2.417924017316448590e+04
-3.074418699111723981e+04
1.000041118407465910e+04
-1.831313128974927167e+03
7.681464246272527816e+03
-1.045467770762548935e+04
3.519041194715417805e+04
-4.132199056959405425e+04
6.637217860333774297e+03
-1.903963270368207304e+04
1.522555336038791575e+04
2.524112199489524937e+04
-1.997193656122425455e+04
2.762155661091647562e+04
2.225380776704037999e+03
2.311712773263185227e+04
7.119451272023778074e+03
-1.250820172487371383e+04
2.052379412497160956e+03
1.880003449853419443e+04
-3.600568460485425021e+04
1.097520211444951128e+05
-1.464575813812238084e+04
9.460239102015082608e+03
-1.458077831671042077e+04
-1.507615889732340293e+04
5.019616967370420025e+04
2.779266145947565019e+04
4.878798918860677077e+03
1.730640846996461187e+04
1.380545838570831984e+04
-2.375398713796970333e+04
-6.096946708696999121e+04
3.224860877638433158e+04
-1.027903135743172243e+04
-3.777289032504072384e+04
-5.352229092281286285e+03
-2.504583800856320886e+04
-3.259566267175451503e+04
-4.871621748863314133e+04
5.164657910579275267e+03
-8.304442460765745636e+03
-4.057821146515617875e+04
2.431317140116754308e+04
2.149956152039484732e+04
1.063681772522966276e+04
-3.657148256828775629e+04
1.342387603484424835e+04
6.219562227478391287e+04
6.760654865262180101e+04
4.206620081340476463e+04
-5.355046257580096608e+03
3.458651511037019372e+04
4.578607957799779797e+03
3.412162398348498391e+04
-1.009811316455014094e+04
-2.610918209713455872e+04
8.191436031878998620e+03
-5.450931127864212613e+04
7.724766762503270002e+03
-5.473236441933023161e+04
-9.158694225470712809e+02
1.465135629659964616e+04
4.764902303765086981e+04
3.179145333156247216e+04
2.813194147036013601e+04
1.996417691576547804e+04
-1.437869115300542035e+03
1.762621678357627752e+04
1.316058112596510182e+04
-4.599698126995524217e+04
1.863860780759211775e+04
-5.435721010596094857e+03
-1.169799939530828487e+04
-2.439202507491765573e+04
