2.714472097211693968e-02
-8.426497746281634560e-02
7.988756893388687663e-02
-1.069824294900937472e-01
-2.278141891569116506e-01
-1.311024045997423448e-01
5.259249194811510542e-02
-4.503043007668061648e-02
1.214856389260573932e+00
-4.070201749869775121e-01
-1.529972580530571981e-02
1.059374939312086178e-01
4.894142162256834294e-01
-1.207359150977625056e-01
-9.277957505988099207e-02
-4.743157179388710065e-01
2.465326422680262086e-01
-2.716912070173274629e-01
-4.271000750098365856e-02
3.335198488235797953e-02
-2.478545665217008614e-02
5.456152897700500271e-02
1.043143965978033938e-01
5.306998235582359724e-01
-4.359148827219327949e-02
-4.406616173470664921e-01
-3.458798831283699249e-01
2.994455256379353059e-01
-6.790557965778284966e-02
1.768291870146136424e-01
-1.652625769891567509e-01
4.141447892691817456e-01
-4.630400717629076235e-01
1.467567521482596449e-01
-3.901936398363216596e-01
3.531053630419481171e-01
3.285938718542807946e-01
-2.238352213198457619e-01
3.439655617252729836e-01
-4.254099244398956703e-02
3.794480964752584007e-01
4.766735847266741904e-02
-1.238603572264332098e-01
2.087051167100079443e-02
2.423432279246015009e-01
-5.284545207582581616e-01
1.339029496070585745e+00
-2.045778504557115018e-01
1.809511002088576292e-01
-2.467346481771132416e-01
-5.122494358372619433e-02
5.724878747240510490e-01
4.298381102146620059e-01
1.036723403763435969e-01
3.351576745935481161e-01
2.694801788017184840e-01
-3.334443590931535084e-01
-9.047502637804371028e-01
5.029633947230292002e-01
-1.338055893956832942e-01
-4.202268663306199525e-01
-1.244393006224671361e-01
-3.813480615780701077e-01
-4.247755533503842496e-01
-7.190387854954809477e-01
-1.851659697797157587e-03
-1.569160403115958946e-01
-4.774951140859140519e-01
3.964537122126716717e-01
2.899699029205897727e-01
1.783959314275023467e-01
-3.978769719803781357e-01
9.626293982161976404e-02
8.458171877056960275e-01
9.168994665552321344e-01
5.719058746672833760e-01
-3.281753013058517909e-02
4.384834652328494231e-01
-2.464001538719975612e-02
3.974331657075459434e-01
-8.589738565694625405e-02
-3.718381467652214223e-01
4.041476423405294255e-02
-6.455594678137513975e-01
1.143271741085567367e-01
-7.036878953394642977e-01
9.228988712063490238e-03
2.713729654121660451e-01
6.943034448579596951e-01
3.580205311004316937e-01
2.063817869509876335e-01
1.158283469975581459e-01
5.212476356438081049e-03
1.429555234830147681e-01
1.520217299008073779e-02
-5.210986622053781492e-01
2.733729655452357687e-01
-9.744141647824977256e-03
-2.245530509230078131e-01
-4.672547699745182026e-01
