-2.933369720641825287e-02
-1.212696134903445827e-01
1.010366013964914406e-01
-2.803253017908986268e-03
-1.849230774505285779e-01
-2.041894410851888553e-01
1.671942326270165757e-01
9.571573523112287749e-03
1.097104963719810478e+00
-3.956185705350111492e-01
-4.297083020561062727e-02
5.277245035774975196e-02
4.877769067493568644e-01
3.577057864182254382e-02
-1.223559901358434732e-01
-4.913289128284555884e-01
5.932377359989837035e-02
-2.607933189037175414e-01
-1.342472249802026396e-01
-3.979162685117476617e-02
9.956436210132407066e-03
3.302713836704554255e-03
1.248965952785823924e-01
5.177782473211809400e-01
-1.303160404349560098e-01
-4.142459906908976253e-01
-4.140783146060992292e-01
1.913167290619178507e-01
-1.845271572949747363e-01
5.792907613986823107e-02
-8.892597789245257345e-02
5.985630634905642067e-01
-4.679010162687987640e-01
5.145595401036635874e-02
-3.870653490605995839e-01
3.507209513437484216e-01
3.555593892977556014e-01
-1.620382687416656031e-01
2.813133249913209455e-01
2.931083888323618436e-02
3.922344853526844588e-01
1.617156453939699312e-01
-8.668155831883501972e-02
6.625558875147001536e-02
3.507767561149004454e-01
-6.150166175544561353e-01
1.149081079638300640e+00
-3.421269587047977567e-01
3.031511654375236842e-01
-2.119932696865497734e-01
-5.384256993811736142e-02
5.598994647278537906e-01
5.084188403322124072e-01
7.588213901733417699e-02
2.715394565632469059e-01
3.038010010729740307e-01
-2.430124929147530477e-01
-9.151247479286703790e-01
4.972274932093804778e-01
-1.912485223452528582e-01
-2.958267798628958500e-01
-1.114176984644527912e-01
-4.801518362125509198e-01
-5.298238927064846671e-01
-6.308398374750903148e-01
-7.479520171492355651e-02
-1.376779739766165189e-01
-4.607052721581776367e-01
4.047640491085541248e-01
2.126922648996217580e-01
1.914552325128009158e-01
-2.224195281519574519e-01
1.339004499146275728e-01
8.104800745598824685e-01
9.022126130824862367e-01
5.580179413785186782e-01
5.193632362585780260e-02
4.009422452028119088e-01
-3.047241860465465819e-04
3.731874806417015411e-01
-7.868907370037439564e-02
-4.441277441030733741e-01
6.637629334026608208e-02
-5.446017495303039357e-01
1.124146037291751665e-01
-7.510614710675580508e-01
-6.307308892332250116e-02
3.266306420165318025e-01
7.028407539780276991e-01
2.598637638674642369e-01
7.583122816669900235e-02
-1.480108654620299335e-01
3.107631631370440933e-02
3.666645835151841060e-02
-6.003006662085885042e-02
-3.677359315462382372e-01
1.781411530336123872e-01
1.084990430165930358e-01
-2.147780447756379996e-01
-3.696931125938179297e-01
