-6.975779992291217257e-02
-1.503088337858625723e-01
9.374523555986123691e-02
-3.852906502973816455e-02
-2.073638913417137630e-01
-1.711725590043688128e-01
1.621433661733309162e-01
-7.129930122302127228e-03
1.123232587742765132e+00
-3.758913839364541598e-01
-3.030324683237613226e-02
5.693444358247616577e-02
4.634356705869207560e-01
-9.603245336914973188e-03
-1.432498249977257054e-01
-4.494256049432810429e-01
7.760508644738339790e-02
-2.340733621403407738e-01
-1.261780224639990899e-01
4.454763682283415242e-04
-2.910217557141114159e-02
1.621792374077142248e-03
8.038427631211342295e-02
5.022094760077038256e-01
-8.994744816402211463e-02
-3.790720791686907343e-01
-4.121258600907923286e-01
1.393671927452190540e-01
-1.559308068043023798e-01
6.311436535447992324e-02
-7.372502192469522486e-02
6.061540066247738112e-01
-4.737348247580793759e-01
2.133566452655539028e-02
-3.584392666521484805e-01
3.189035360228634208e-01
3.233843897260952338e-01
-1.247946610968286019e-01
3.371886544162857047e-01
5.860688243607428682e-02
3.635436081338038750e-01
1.423387410737082248e-01
-6.761741213787936244e-02
7.069590522271952671e-02
3.638947290105517540e-01
-6.241324184607702774e-01
1.227446176481247875e+00
-3.072737199381030404e-01
2.991945030500108849e-01
-2.240368272126144478e-01
-7.890482440493107319e-02
5.720948213768303203e-01
4.898786341113296472e-01
8.151950910697347563e-02
2.706659386015444757e-01
2.882285925490611356e-01
-2.242697835252523142e-01
-9.459970632645313682e-01
4.711544519454231028e-01
-1.568804794961372595e-01
-3.322933195969248188e-01
-9.681391157688508387e-02
-4.400211042837945952e-01
-5.402348482010952413e-01
-6.331777967925388273e-01
-9.529642573090553459e-02
-1.647046389864995353e-01
-4.614436211848886304e-01
3.698821356278725880e-01
2.279504921322430266e-01
2.024802192821325009e-01
-2.057132980112779397e-01
2.067641599116006590e-01
8.040367516976576479e-01
9.200868698357737019e-01
5.392124800935369500e-01
-2.131016897202421198e-02
4.243952197071002019e-01
4.950589402635880397e-03
3.935468492906067928e-01
-7.185857856268311472e-02
-4.170661135407109366e-01
7.345031208889536700e-02
-5.604620684395642538e-01
1.458377564810440508e-01
-7.401859383132427528e-01
-6.620893832614639651e-02
2.873109905625030325e-01
6.957942959244173275e-01
2.979734771416179817e-01
1.279323111638415167e-01
-1.052013308277460063e-01
4.993114699342716218e-04
8.033340042999444208e-02
2.190499631994525555e-03
-4.308188218475950682e-01
1.744350887637414471e-01
1.034087399403947338e-01
-2.069056412645897958e-01
-3.799170391637955446e-01
