-1.589863221151692485e-02
-1.423165535845438701e-01
3.479299274859830142e-03
-3.354315204290275309e-03
-2.665627976791624665e-01
-1.776609899508931889e-01
5.210861312233639603e-02
-8.050299137092233048e-02
1.129832281503803992e+00
-3.894055894634216308e-01
-5.311764139576371363e-02
5.333513641807898636e-02
4.823670182077077206e-01
-2.563092692447676429e-02
-1.288636386132404055e-01
-4.861931850681751044e-01
1.590428196709279263e-01
-2.553193627467557625e-01
-1.053244967787070191e-01
1.231577877288351358e-02
-1.048543317789727780e-03
-3.688753179705823310e-02
1.095543333226749183e-01
4.740625720668107945e-01
-3.348527327938197878e-02
-4.237466815517234586e-01
-4.342280762418100348e-01
2.011107444028110425e-01
-1.315517755687690415e-01
9.177965909779373099e-02
-1.252788945652426322e-01
5.429918426097480877e-01
-4.952093852271467478e-01
1.165583627611827405e-01
-3.739036841287007862e-01
3.139102405808990581e-01
3.315929218318648952e-01
-2.205703376055028475e-01
3.109756519989171353e-01
1.838446367511645946e-02
3.681050908595112081e-01
7.791739217569787490e-02
-1.981475351733601176e-01
1.294076559108124636e-01
3.058140872799385845e-01
-5.378338864118200613e-01
1.252051291259449473e+00
-2.816386137329860428e-01
2.756676651332155559e-01
-1.904351978976012993e-01
-5.839275813573698015e-02
5.512453160169770161e-01
5.945094547576864619e-01
4.897090461720918220e-02
2.675387336975537100e-01
2.999653389544353344e-01
-2.486263533168382445e-01
-8.856161664172219616e-01
5.901807182519226425e-01
-1.150178550085157597e-01
-3.860731423110674854e-01
-5.398933508866959885e-02
-4.426813390622000299e-01
-5.743761194009423532e-01
-7.519352922822399865e-01
1.592563774634410748e-02
-9.641097687751000456e-02
-4.514720882053790962e-01
3.979514223200870671e-01
2.354665241327658642e-01
2.023649752136394142e-01
-3.149384269074836373e-01
1.596480716053628734e-01
8.512749859802399843e-01
9.068162719643872993e-01
5.928362013276285980e-01
1.758297935830683764e-02
3.717763261721008794e-01
4.033531154139381736e-02
4.169044034752509842e-01
-1.052580751420441191e-01
-4.111588257413009706e-01
6.842823351875365612e-02
-5.923710530927240869e-01
1.880566764791427037e-01
-7.617072501929323947e-01
-3.640368900078242570e-02
3.912733315129163780e-01
6.317406234799187725e-01
3.059753692236651390e-01
2.501643551345373861e-01
-2.490272383372982984e-02
2.683797574679512576e-02
1.377412851340344135e-01
-1.315892100930189310e-02
-4.773087618539534338e-01
2.066055913774147157e-01
1.945635543439998283e-02
-2.713141230847732066e-01
-4.033068112609201061e-01
