-2.297426054124641903e-01
-1.268133072189851600e-02
2.575291586911381339e-02
-3.241218129638359646e-02
-2.970274982814770093e-01
1.007243932067435205e-01
7.012137657011618952e-02
-4.125643991399659954e-02
9.383702211337259236e-01
2.362319029925324596e-02
1.083749123812414034e-01
9.550607526557797211e-02
6.327851278071337793e-02
-1.167683575298925219e-01
-2.322891105935755984e-01
-2.987314734531290594e-01
2.090647454812460670e-01
-4.515603286013403217e-01
-4.649011681866602012e-03
1.762782259864024981e-01
-2.175643686213735717e-01
8.696113246934833452e-02
1.071469038114186423e-01
4.405371049204121481e-01
8.269013120679957751e-02
-5.304167206102743809e-02
-4.329762279326205276e-01
-1.275116514691689573e-01
4.423915423550126014e-02
-9.935900807133668522e-02
-3.165786902301818279e-02
4.898520219423649902e-01
-6.781983034216683137e-01
-2.159275541828319794e-02
-8.039688965606092697e-02
1.565664752786406488e-01
2.359172435713483285e-01
-1.890805971727922419e-01
4.853464387206082309e-01
6.175546281561939202e-03
7.500054847379933332e-02
2.224407689978757929e-01
-5.844034315014976638e-02
-9.404431141257214855e-02
2.018496633825155595e-01
-3.506845399404729391e-01
1.428191959966948144e+00
-1.743770225102747873e-01
9.686572814315723423e-02
-1.201651190325236651e-01
-2.292428183164050004e-01
6.054458427177564772e-01
3.265080125481600870e-01
3.080044057904303065e-02
1.330295011292682572e-01
5.231499333641755761e-02
-2.359814225437697754e-01
-7.058843161466399341e-01
2.455243126711829371e-01
-1.612618372057099125e-01
-4.906934194767978985e-01
9.462639707950871656e-03
-6.229438055720885881e-02
-3.290548679875601734e-01
-3.748548743653429827e-01
1.312100970595795613e-01
-9.322547723065489900e-02
-4.915028168762010652e-01
1.554663876149945390e-01
2.257687497125728249e-01
6.964324089325932277e-02
-5.225020235811546065e-01
2.309836187114756301e-01
6.968968619040737389e-01
7.537812917334891782e-01
4.174899202606062731e-01
-5.423653057388643645e-02
4.068425938075834192e-01
3.039693580327911329e-02
6.385361976476511270e-01
-7.640158636705447759e-02
-2.075369894774937440e-01
6.484856503290465507e-03
-6.855547403628613479e-01
9.814391760215433747e-02
-5.814876484754285535e-01
1.031228239866247842e-01
-9.586039180174422969e-02
5.521524225076990255e-01
5.314916251727214158e-01
5.779208954570304035e-01
3.676900413308755167e-01
6.652597570035796715e-02
3.551393018118214062e-01
4.289913750287124294e-01
-6.940223482823180134e-01
-5.738396259482717206e-03
-6.250513914937816384e-02
-4.027805778304109630e-02
-1.490393460272431692e-01
