-2.313133916904520082e-01
-3.207987687555156203e-02
3.136352792746599505e-02
-1.331902715841803281e-02
-2.603360743305149216e-01
6.618342799519927322e-02
1.096011708053062084e-01
-5.135177294845780921e-02
9.604345943347822878e-01
-5.304110243146840237e-02
6.177856580160271532e-02
7.460327441703688833e-02
1.423713348521273847e-01
-2.670646159281714685e-02
-2.075923732111226994e-01
-3.218414085672891556e-01
1.065709196717138790e-01
-4.697080781922768900e-01
-5.527835022793271824e-02
1.619385618461399168e-01
-2.073043046262059985e-01
8.998971580811671034e-02
1.224732354357763314e-01
4.219428678389149923e-01
2.874106689927258956e-02
-1.200754108462076530e-01
-4.613791658878443336e-01
-1.566525859823014455e-01
-2.030276816622553215e-02
-7.727052544078830132e-02
-2.063884879873032624e-02
5.422585816071481268e-01
-6.522993575471590644e-01
-4.025275565018954921e-02
-1.176438553107692075e-01
2.133104076934899118e-01
2.493230207930950681e-01
-1.822790243650614372e-01
4.558937010648184129e-01
1.152127750803628309e-02
1.816105066143860469e-01
2.323210132209223844e-01
-3.825995742308881120e-02
-5.190154987504999595e-02
2.894575703712068959e-01
-4.303308218678154606e-01
1.442386346496390415e+00
-2.014568226467250422e-01
1.380738479474283853e-01
-1.301753970980950859e-01
-1.778310454875177138e-01
6.354271331063644501e-01
3.020711551797017891e-01
5.514805645786791111e-02
2.022289915895053025e-01
1.039613992929165065e-01
-1.977980704581836502e-01
-7.783761270417980382e-01
3.055722655097608542e-01
-1.844799702688395826e-01
-4.457290355078382671e-01
-4.730450282069945285e-03
-1.236206952070081078e-01
-3.643168938175911364e-01
-4.192387147286892324e-01
8.923876123219857959e-02
-7.147308351565898055e-02
-5.038559857796365282e-01
1.667414958439923101e-01
1.833751389913518270e-01
1.292476695399472353e-01
-4.539973493020166284e-01
2.769254658721680973e-01
7.163088730127944448e-01
8.163343627617344334e-01
4.056306250134476543e-01
-4.844358724640516339e-02
3.780728904110359223e-01
2.444877217873013195e-02
5.631139173019676925e-01
-7.969464566703785002e-02
-3.009580283658314648e-01
8.423160542667840200e-03
-6.564195570040015637e-01
9.352685419141548717e-02
-6.306552182124800510e-01
9.016718089239542100e-02
-4.104100057161489540e-02
5.809414514512700745e-01
5.008080139189949875e-01
4.745544285555665098e-01
2.706108049175098840e-01
7.257953566670176382e-02
3.074115483838442686e-01
3.458661461963363770e-01
-6.751818241566875933e-01
2.274493956863444036e-02
-4.679006972891363442e-02
-3.025876065136016632e-02
-2.040103805493074240e-01
