-5.541207675956690698e-02
-1.663268649526300214e-01
1.014140055004575797e-01
-9.723537035871690688e-05
-2.202155304001162939e-01
-1.609120908184278609e-01
1.566335886467194738e-01
1.894839447831645970e-02
1.124909948645363533e+00
-3.999554232483577554e-01
-3.839156438235613589e-02
4.558394900221569845e-02
4.691398723163714424e-01
-2.462189038924579750e-03
-1.162127419519075472e-01
-4.845097410990997777e-01
7.865757463057120036e-02
-2.274251625967668444e-01
-7.703002111664696006e-02
2.309999541804529447e-02
-2.357273170294780368e-02
-2.732457875957972071e-02
6.866623595614800013e-02
5.190505878506571635e-01
-1.141275042324915862e-01
-4.081703787427135022e-01
-4.197225486198465361e-01
1.714569882771073417e-01
-2.080145112631757720e-01
7.220042711248503275e-02
-9.147976632973012223e-02
6.167269081256935293e-01
-4.627783772272620055e-01
5.847635628425882498e-02
-4.028016262444557571e-01
3.324507738714549410e-01
3.575848432096642160e-01
-1.111879280639457152e-01
2.725295991397294060e-01
3.283042257871289504e-02
3.783124021019037553e-01
1.321554958161676452e-01
-8.569015568098925506e-02
1.014186809629981784e-01
3.517706974149338306e-01
-6.227074724474374046e-01
1.172240895477030032e+00
-2.942404562865739148e-01
2.886502132606129090e-01
-2.051913407774608178e-01
-7.081277145784768690e-02
5.784329699151903315e-01
4.834071177397229468e-01
7.893656706743407137e-02
2.629650258013135344e-01
3.188076160491286060e-01
-2.148072753823424552e-01
-9.265220038099238886e-01
4.994212015963724327e-01
-1.707334609572920270e-01
-3.220351381382280942e-01
-1.492439594876022180e-01
-4.557757588444565355e-01
-5.787121276333151432e-01
-6.478063328257440689e-01
-8.408875830880634117e-02
-1.388649756529863055e-01
-4.358157261228038371e-01
4.018262957157151538e-01
2.124457248831546352e-01
1.929225504625278753e-01
-2.159523154909403497e-01
1.666016610851243362e-01
8.001876433910838360e-01
8.870512800016444599e-01
6.031029237442524504e-01
2.195560035194220327e-02
4.182502701925905897e-01
1.522561239564884476e-02
3.655526041445103513e-01
-1.012759663658819448e-01
-4.250843508488585942e-01
7.934608215138906628e-02
-5.848913022586166299e-01
1.234709184245146169e-01
-7.145254529919727871e-01
-8.830831925659758663e-02
2.862958869229049186e-01
6.763312220890426163e-01
3.063511345814448061e-01
1.055854054696543087e-01
-8.619476031102214775e-02
2.952974623150201108e-02
4.447212495245322916e-02
-1.590717457707585894e-02
-3.967419371753424517e-01
2.074067120190084823e-01
1.005261940117703756e-01
-2.233113742178317596e-01
-3.791523360503728513e-01
