-2.453595833243943092e-01
-3.501625944659502582e-02
6.605739980503661998e-03
-3.024356184084131191e-02
-3.331063317685046266e-01
1.810293948216662174e-01
1.129615555209103478e-01
-2.561190294148397127e-03
9.610656124141352397e-01
-3.278587219937269693e-03
1.107524739856792784e-01
5.396118255750814718e-02
2.678410590801803479e-02
-1.775879170766806736e-01
-2.354481842719798323e-01
-2.740253588508144711e-01
1.842024486212396617e-01
-4.875689431570760513e-01
7.161051989151467900e-02
2.414080298351929388e-01
-3.323825265071398971e-01
9.551069249057130006e-02
8.594786491200682998e-02
4.667916890310729316e-01
1.190143705002964652e-01
4.961098010563812222e-02
-4.482424457888366520e-01
-1.187348613218276866e-01
-1.517865781374431490e-02
-1.311916456522596863e-01
-3.177691055462817521e-02
4.715982805936201339e-01
-7.016151384198677787e-01
-5.937136417675709793e-02
-5.459383203389064909e-02
1.752431821632622899e-01
2.559633587876863903e-01
-1.546789337590177837e-01
5.274970926517362768e-01
-3.826415786106304728e-03
6.014253215609777214e-02
2.251523697403143009e-01
-2.081032903750647256e-02
-1.551073644409989294e-01
2.235363875775090436e-01
-4.083368274413073928e-01
1.513030894353738276e+00
-1.552275665451473274e-01
3.813476495693825935e-02
-1.197801984329767838e-01
-2.617130474026412301e-01
6.750842556764591329e-01
2.565221915978190270e-01
1.213551518677539187e-01
1.631706751659754429e-01
7.076214145337439421e-02
-2.388418985187227284e-01
-7.383220436498367789e-01
2.854942732173819664e-01
-1.474853029305117913e-01
-4.970685212964656152e-01
-4.878400562901176463e-02
-8.430302028115298218e-02
-3.520643586225378763e-01
-3.875023343311452817e-01
2.008504316637945708e-01
-1.063909020566780883e-01
-4.737224754674219107e-01
1.409429627392839446e-01
2.290890881114100441e-01
5.730210989309725972e-02
-5.746420157415833563e-01
2.711494884525641469e-01
6.085432327450142065e-01
6.870324266835092786e-01
4.802917244393483664e-01
-7.384578028453624154e-02
4.152219077018325377e-01
5.685307632908821740e-02
6.528372203092371873e-01
-1.485703204741126993e-01
-2.225584910204114197e-01
-2.841362152316572950e-02
-7.183446144889158447e-01
5.318990691518708791e-02
-5.181689879327191495e-01
8.631792873817842326e-02
-1.480488907393331111e-01
5.863627919091374263e-01
5.476973176245868435e-01
6.058921948862645568e-01
4.838266718883782458e-01
1.174557254348388979e-01
3.624580763622256008e-01
5.072848490969114055e-01
-7.331128965048303581e-01
-8.424838943548531439e-03
-8.801387051918294069e-02
-1.336329994937149410e-03
-8.318373679576414326e-02
