-1.079125312888424698e-01
-2.145782100868648401e-01
1.044258897827913535e-01
5.959235100596126794e-02
-2.741292147361817366e-01
-8.619390650896403827e-02
1.325054271721675392e-01
1.164928181806447851e-04
1.111522126395182442e+00
-2.630683368311755310e-01
-4.742845311608043929e-02
9.323704790536709031e-02
4.075300981523103383e-01
-6.202179477087824827e-02
-1.470853505256924654e-01
-4.086498119322830580e-01
7.342085330586077541e-02
-3.642454787527544258e-01
-9.871305133688962341e-02
1.366441819342867625e-01
-1.978280864666303110e-02
1.913283374521084282e-02
1.022173347051294617e-01
4.664077232571693377e-01
-1.164816679507774400e-01
-3.748550834271526244e-01
-3.890500210622661603e-01
3.452493964846111568e-02
-1.294521208617380736e-01
6.248996562906362906e-02
-7.190701633144801208e-02
5.682985399358221335e-01
-5.282956141194288247e-01
3.623226779065648589e-03
-2.702702608101428261e-01
3.055428846055523451e-01
2.975391322850097220e-01
-2.180535601074416185e-01
3.258972725635215784e-01
6.259298093453555256e-02
3.748990354644083922e-01
1.662590352912158287e-01
-1.187979751963818831e-01
7.045259441955854796e-02
2.865310316200058716e-01
-5.699539472163160925e-01
1.362162481834399141e+00
-1.653438605231705716e-01
2.355016563592851608e-01
-2.191019135867868506e-01
-1.576421100020977129e-01
6.396622131149279911e-01
3.728979975127456603e-01
1.027704471778628642e-01
2.702993428208761983e-01
2.214390489000725715e-01
-2.624170186074736844e-01
-8.901921555158693877e-01
3.986233635830361832e-01
-1.833235552681583835e-01
-3.696439685153527499e-01
-4.807038553281529902e-02
-3.330641713890796218e-01
-4.234614837520905284e-01
-6.405442029738808163e-01
2.382961788004220750e-03
-9.400388801681301698e-02
-4.790194621277161224e-01
3.941125046772237517e-01
2.758417123353290035e-01
1.978170131725820735e-01
-3.160452252396629413e-01
2.125023434130725308e-01
8.162536093742804866e-01
9.185109906382874501e-01
5.032484811259215762e-01
-5.894247055613645314e-02
4.426114047820994268e-01
1.206162517706107218e-01
3.953963556837052917e-01
-1.252709281637730265e-01
-4.203147557122439149e-01
6.117071911281582453e-02
-6.492265156052978714e-01
1.006313213199295370e-01
-7.455491392003074091e-01
-5.575799216712957682e-03
2.350770856404775511e-01
6.559185508433379441e-01
4.066281513893919564e-01
1.957248301445423944e-01
8.126547939107986451e-02
-2.002453595742909390e-02
2.209567373856244077e-01
1.248974849938131737e-01
-5.389315002475051353e-01
2.090029977128038952e-01
5.458241733427797622e-03
-1.162702266502545351e-01
-3.213186333896596025e-01
