-1.187699233454771880e-01
-2.363759962616915691e-02
1.144498787724290700e-01
-7.819617801159675641e-02
-2.623785401932566819e-01
-1.239724193993283763e-01
9.896100626706692827e-02
6.070519992126127001e-02
1.114147392177746498e+00
-1.727733681970218260e-01
-1.170984135890482288e-02
1.879649521298188686e-01
2.853462499861644797e-01
-1.019461048806709763e-01
-2.034534915223389362e-01
-3.366167581117275875e-01
1.714730456371413303e-01
-4.249584067244947527e-01
-1.071406041572047357e-01
1.859785830009765550e-01
-8.331115295141149069e-02
2.160719498489395152e-01
4.259021832335042890e-02
4.628604818419396749e-01
2.574051945821674570e-02
-2.675073016509300627e-01
-3.973402785291804684e-01
8.645312668217806917e-02
7.619042428152050794e-02
6.361960854641178498e-02
-4.339466889567954178e-02
4.465395932159714754e-01
-5.713449493743247842e-01
-3.497049053143581887e-02
-1.876172654877934776e-01
1.327154335858914402e-01
2.443349966426480724e-01
-2.424141264333488921e-01
4.190889297023601689e-01
4.932083158992003891e-02
3.739889093055864255e-01
9.174190448191570091e-02
-2.016511912279932428e-01
-2.244688942816247881e-02
1.901036215159518650e-01
-5.064774072300112229e-01
1.462125554256673121e+00
-1.297924730246903247e-01
-1.902280192725299204e-02
-2.006618662506215733e-01
-2.288421127945275690e-01
6.105537363320852062e-01
2.132411995103972169e-01
2.025840843333506086e-02
2.385745976304066707e-01
2.218782483854271070e-01
-3.114018497142853059e-01
-7.507072759605015744e-01
2.792970659964397195e-01
-1.355570208450798397e-01
-5.137052110964850371e-01
-3.664072327426967646e-02
-2.180054590911435219e-01
-3.370914956618005776e-01
-5.564107061658966069e-01
1.117330985323069653e-01
-7.115829375061366591e-02
-4.862499816755733173e-01
2.749042420984990076e-01
2.355474532660626619e-01
1.460902861711221024e-01
-4.988150015124583336e-01
2.155921514918431037e-01
8.376882368431024517e-01
9.295185396946161749e-01
4.203429664799764875e-01
-8.272892033376681720e-02
4.017454815619727060e-01
-3.488463462961487876e-02
4.829223621304651326e-01
-1.299179651990362283e-01
-3.138404636401068704e-01
5.108712031194324182e-02
-7.213176151584024254e-01
9.562450604250681552e-02
-6.841326480493241657e-01
2.526941232557638681e-02
6.968744559444402242e-02
6.724509694843828767e-01
5.077150021435449245e-01
3.330104084719102131e-01
2.827333242696647986e-01
-3.522426815542255285e-02
2.965948295709989746e-01
2.387763341201060985e-01
-7.031545428739732762e-01
1.948873409197013629e-01
1.644383980495239123e-02
-9.049668434997440447e-02
-3.813845135148306587e-01
