-1.652734553639737258e-01
-8.850939507755180291e-02
8.270274200041469181e-02
-3.048181971899526985e-02
-2.567424622638908027e-01
-4.384221176557658722e-02
1.296738380243860345e-01
7.711961169391289873e-03
1.116480299944688337e+00
-1.938466409106769928e-01
2.665168873717988982e-02
9.420613272776140468e-02
2.694050292883998776e-01
-1.382978835698664144e-01
-2.013461543559239009e-01
-3.382728598678593768e-01
1.294831182063771180e-01
-3.759589452501282958e-01
-2.258003037754509681e-02
1.635731161474704987e-01
-1.169207201732471585e-01
1.179777988047664705e-01
3.102360216804698687e-02
4.408877528729348017e-01
5.162572483402718543e-02
-2.234520160967355673e-01
-4.312131409753666156e-01
2.400762934614013300e-02
-2.025205701971108038e-02
3.987872425139233658e-03
-9.286517547574958675e-02
4.688980459236157250e-01
-5.739386280645683014e-01
-3.089347618482333330e-02
-1.751437669538708497e-01
1.711222495759294748e-01
2.783087037379124440e-01
-1.898773808062324542e-01
4.199695955805493042e-01
6.545890663063808068e-02
3.016106955009967838e-01
1.489545458906698927e-01
-1.211993397475264328e-01
-2.425871451815300034e-02
2.621749477524271121e-01
-5.194040319418878893e-01
1.445589675104581584e+00
-1.765727235198600031e-01
8.532926705333439277e-02
-1.469592024398876928e-01
-2.318028724420446718e-01
6.477753700856706542e-01
3.003125159827284563e-01
5.074388772296764549e-02
2.261936383124254768e-01
1.839417475682171010e-01
-2.710895379226516133e-01
-8.351945204303135029e-01
3.381620093180670028e-01
-1.253168676854429231e-01
-4.787917894390827933e-01
-8.179124417912882195e-02
-2.583848248967274275e-01
-4.323707123192522817e-01
-5.406073020942647744e-01
6.579555416285981506e-02
-1.286140318279329897e-01
-4.756263993822630320e-01
2.387235182154362756e-01
2.394336234450676060e-01
1.280437862354956435e-01
-4.267299676546943421e-01
2.533172463428532972e-01
7.456513388601370140e-01
8.432857203367671861e-01
4.743357841303152966e-01
-6.301122000140796375e-02
4.315552075906444740e-01
1.308752177181285968e-02
4.938283227461015557e-01
-1.035220462568958305e-01
-3.314224527358965999e-01
1.044730098726154993e-01
-6.970758368263040294e-01
1.057174165787845288e-01
-6.444003757845240266e-01
1.385738046628429490e-02
4.851136074642955348e-02
6.420057361083784109e-01
4.758159718667892557e-01
3.562979741049082660e-01
2.371472850483345163e-01
5.721571546368684619e-03
2.346685588517126719e-01
2.598350179278878791e-01
-6.510891320532049553e-01
1.476663176855217974e-01
-1.894937886169520760e-02
-8.342736629008533356e-02
-3.101340458736915884e-01
