-1.584641064942772237e-01
-3.065435743685168343e-02
1.033359017793360479e-01
-1.037021847732749746e-01
-2.571546584712489647e-01
-7.686294310682313842e-03
1.077164677757980887e-01
3.249509391839708328e-02
9.520104883123784445e-01
-1.062787457006404424e-01
5.994837566495252179e-02
6.487054748576895347e-02
1.940868056197747882e-01
-9.661864691838183139e-02
-1.389216553637455664e-01
-3.021507314586856507e-01
7.292416771533026532e-02
-5.312783458469250153e-01
-7.695339072946256499e-03
1.691512795299013328e-01
-2.446499249386974439e-01
1.659974584888237459e-01
6.448038325452382091e-02
4.491047555157711701e-01
-3.813426091357045161e-02
-1.471969006613334519e-01
-4.404842454757159076e-01
-5.587559335662597298e-02
-1.808537163778661111e-02
-7.343784562201484400e-02
-1.183824926043936313e-02
5.235237784920963033e-01
-6.214574234852688894e-01
-9.009720618735855835e-02
-1.589940596182738697e-01
2.326713530517935946e-01
2.432428314268169633e-01
-2.296503731505892820e-01
4.140936220090314368e-01
4.103530436706748219e-03
2.741616253433832862e-01
2.312304900795355278e-01
-8.091327000106589284e-02
-1.344604743987170281e-01
2.670847852715752535e-01
-5.027369237581095218e-01
1.451728359658116085e+00
-1.465402186089116987e-01
9.140930711903480499e-02
-1.801403161148719401e-01
-1.595025065866461922e-01
6.057864449621440661e-01
1.826486039390486371e-01
8.474161618022718612e-02
2.583689483535242526e-01
1.822084498200210456e-01
-2.171018902036792320e-01
-7.385540373606190867e-01
1.932103638754151531e-01
-2.265492420386491235e-01
-4.267033166032164759e-01
-3.888443701173956851e-02
-1.216737710204987138e-01
-3.034058519247908037e-01
-4.442455586431174330e-01
1.166164319524222032e-01
-9.635141140430085460e-02
-4.834710885067978192e-01
1.925249224707194506e-01
1.923604837079216090e-01
1.085684368990889326e-01
-4.855629429684284459e-01
2.492564585184277870e-01
6.631570454303841178e-01
8.110331650980144857e-01
4.001674995686617664e-01
-6.112763403299614762e-02
4.069323461623292615e-01
-3.315837356583997697e-02
5.326828860637543572e-01
-1.579718441753195923e-01
-3.237019012911366844e-01
1.802201600069865822e-02
-6.672643431647631296e-01
6.573524164326603747e-02
-6.282838266618271383e-01
8.558223554518376575e-02
-5.483221637528955250e-02
6.594052307031746940e-01
4.827375116651069775e-01
3.601441052415682020e-01
2.989851307830084792e-01
5.705057058885370375e-02
2.480914824851631617e-01
3.143636505571692497e-01
-6.743040413492100704e-01
6.534448167622289305e-02
2.572677825575282826e-03
-1.426655315915406966e-02
-2.919134486591596356e-01
