7.719256548387258554e-02
-1.065759559750862756e-01
2.494500763444432723e-01
-2.249385572638802622e-02
-2.448555784312644590e-01
-1.341052354953815029e-01
1.714144446560645074e-01
9.268001392922461945e-02
1.276186664876492127e+00
-4.118590240680622405e-01
-6.884651800919436293e-02
1.629918033342536987e-01
4.579001080845576110e-01
-1.405185155166636668e-01
-1.180256128050002767e-01
-3.694325677115295470e-01
2.020744453434790977e-01
-2.917421877763656801e-01
-1.170023032022605852e-01
1.593894649672009389e-01
-3.216150231812292537e-02
1.240859035890427703e-01
3.483631084220705550e-03
4.848377032789684127e-01
-5.245685956777827036e-02
-3.954474767269309243e-01
-3.918950639353613319e-01
2.624911181829786000e-01
-1.331801543419011136e-01
1.457973193925597988e-01
-1.083098818694664123e-01
4.663148585367550836e-01
-5.255091215993575871e-01
6.723470369440567862e-02
-2.294122159546081174e-01
1.879218542351663579e-01
3.288415297466408815e-01
-1.876575248902589421e-01
3.128743656958743458e-01
3.973525669493976203e-02
4.747741535837548543e-01
8.731508254597331042e-02
-2.082641763867298657e-01
8.176234137075578945e-02
2.709946646909625056e-01
-6.232386948941045501e-01
1.438490705435605754e+00
-1.579875194344363687e-01
1.545542379837308578e-01
-2.289545862136151966e-01
-1.112483777548654434e-01
6.301433048749239818e-01
3.944017058127236575e-01
6.308896651645963527e-02
3.523033535952712625e-01
2.951096724627159107e-01
-3.984567581053894969e-01
-9.185139971861979724e-01
4.473428429062267786e-01
-1.027589499952358959e-01
-4.554066903902439511e-01
-5.027540735611801120e-02
-4.171926968790022339e-01
-4.932512486658107154e-01
-7.572221632297722049e-01
5.423909211854982537e-02
-9.249644687787221542e-02
-4.881606768871212254e-01
3.766537964893731383e-01
3.062053771988713646e-01
1.668277118047129803e-01
-4.463588580354608260e-01
1.588837599443814752e-01
8.425345435995720278e-01
9.970176424552691374e-01
5.336124023982250497e-01
-4.059985842375581078e-02
3.915543433954268848e-01
7.122849169759769283e-02
3.538380058113348436e-01
-1.574104159433157568e-01
-4.387171929091908673e-01
8.195997506346540395e-02
-6.536969852691811855e-01
1.206186594638678639e-01
-7.448376560799868651e-01
-7.277264256358215166e-02
3.137372001016534573e-01
6.167358173842899527e-01
3.684242067608634597e-01
1.856149496564249990e-01
1.447197777816598419e-01
2.429625467542352937e-02
1.994585113077100014e-01
2.282216422844516798e-02
-6.056293281062756773e-01
3.067912057387467972e-01
7.414184455033251409e-02
-1.637369024935786954e-01
-3.705913155840517281e-01
