-1.449811597327025324e-02
-1.238741682901348812e-01
7.759074961730465236e-02
-5.284138524019507677e-02
-2.229274402271173849e-01
-1.942096772555732542e-01
1.591568069581182909e-01
-1.172038545356324409e-02
1.159343974285541368e+00
-4.119743745043596972e-01
-3.056509605032614596e-02
5.408110954134955073e-02
4.850599501626541854e-01
-3.879371632592205910e-02
-1.221520479888177357e-01
-4.941403595123873282e-01
9.855895157983828037e-02
-2.314084261266373954e-01
-1.331206256162167090e-01
-1.665641488650189059e-02
-2.058773082365152746e-02
-6.206681143104888099e-04
6.236509434024211512e-02
5.404100059628528241e-01
-6.432986351573194428e-02
-4.061582633090963790e-01
-4.186294894129247712e-01
2.032174083602236170e-01
-1.753218089702821836e-01
7.939166276753074902e-02
-1.210628420114810699e-01
5.745739796888783557e-01
-4.891129897809201044e-01
7.023466564154096092e-02
-4.172579636054780661e-01
3.315838653734389796e-01
3.447568495922464504e-01
-1.546272151872451761e-01
3.247255676469896213e-01
2.838636815983614989e-02
3.881762656535012734e-01
1.003338676154699599e-01
-1.123425955685782573e-01
7.151877257471461746e-02
3.402738525799305913e-01
-6.032893410674313728e-01
1.178646577234617743e+00
-3.442366818145243257e-01
2.705507673101678057e-01
-2.076073996906155628e-01
-6.254413351140730715e-02
5.534087447503720503e-01
5.471259596599831188e-01
5.249383359483385941e-02
2.766439355752091656e-01
3.147463349806958743e-01
-2.529484767785363242e-01
-9.096831864439850479e-01
5.481364767733232224e-01
-1.430644216975125449e-01
-3.513445726541930547e-01
-1.167999759742107818e-01
-4.757697365749690710e-01
-5.756290485476138752e-01
-6.661940919757104451e-01
-4.348862803139999511e-02
-1.306773354654520991e-01
-4.616581334395539193e-01
3.881885550782751548e-01
2.186841717596779699e-01
1.714881782653561726e-01
-2.498686133303221479e-01
1.421877933623922619e-01
8.405124092650761991e-01
9.088754340159423961e-01
6.213688176443097344e-01
3.486808223764249759e-02
4.183970337259174110e-01
-2.194384292913447929e-02
4.087765557676841244e-01
-8.392761703602620582e-02
-4.140552804388746844e-01
6.096709819997283425e-02
-5.755154965876979611e-01
1.301159193927448887e-01
-7.327542504492720044e-01
-6.301354826193601710e-02
3.348856573437643536e-01
6.886582213329291990e-01
2.981148246475440189e-01
1.351665733828719684e-01
-1.030816954590426798e-01
2.974529559515914218e-02
5.914057435609618163e-02
-3.342172736429255275e-02
-4.138836158469830773e-01
1.783858685785988940e-01
8.367192363750164397e-02
-2.545999157095489296e-01
-3.933967388174480773e-01
