-1.861479290979392021e-01
-2.955816714078158755e-02
5.233793416904407303e-02
-1.075561222112654258e-01
-3.159067375215419138e-01
8.335602427141354520e-02
9.863834001900885495e-02
3.686265393358701542e-02
1.001734920023423570e+00
-5.127794653704639133e-02
6.813972342781116076e-02
4.548131290939554788e-02
1.354516345048306647e-01
-1.960894580674180099e-01
-1.858558288274874126e-01
-2.818870434699606853e-01
1.482340272968916961e-01
-4.600783879018688349e-01
6.603944828051427907e-02
2.245173790531361235e-01
-2.621504363835188700e-01
1.717118057683528487e-01
1.844057348764806606e-02
4.255695830004114222e-01
1.298477535194718646e-01
-6.202816321950976181e-02
-4.234671633800189405e-01
-4.768238856543370596e-02
-1.500047060369909258e-02
-7.640581520832355478e-02
-7.814363955704776987e-02
4.386082168170848949e-01
-6.253205843065701153e-01
-6.463241697180729939e-02
-1.118474122784814534e-01
1.717155737043796482e-01
2.105181948927452307e-01
-1.459611360978632366e-01
4.797366120719575577e-01
5.237009342395421152e-02
1.963156457698023438e-01
1.920600993961152914e-01
-8.858159340106895596e-02
-1.275177749115578574e-01
2.079645099246520412e-01
-4.370472034177284582e-01
1.452093171075111488e+00
-1.017553063402465430e-01
5.191433220203858084e-02
-1.533567512982889625e-01
-2.498983948607711725e-01
5.788482757528726763e-01
1.569310240332098261e-01
7.663426143846008287e-02
1.979895363889466742e-01
1.199342529326242329e-01
-2.783019382237139072e-01
-7.309666932712250986e-01
2.383968720693037946e-01
-1.032222576820488597e-01
-4.803665042694943432e-01
-6.856408107560019172e-02
-1.013242434264583491e-01
-3.585673410513418036e-01
-3.984534041134379923e-01
1.494742461984716886e-01
-1.201189288044475362e-01
-4.273882626602181767e-01
1.830062408789281947e-01
2.390123318515138262e-01
9.476463259018104435e-02
-4.912062867159096569e-01
2.433841692781673338e-01
6.345874680451977223e-01
6.795445849917312042e-01
4.381286231243747831e-01
-8.867658447620908879e-02
3.924024396162395512e-01
2.280867920719631403e-02
5.455183940103056628e-01
-1.170696320743136454e-01
-2.727052694014610035e-01
2.100891678256750633e-02
-6.990152294084703843e-01
1.012509169447324692e-01
-5.429418508668587551e-01
5.861743570248172802e-02
-1.036198548598882690e-01
6.288190855242852262e-01
4.707259088910524247e-01
4.282140709641786280e-01
3.811211279876957070e-01
7.161009520232008985e-02
3.044475850910324799e-01
3.876060488616407396e-01
-6.734018960366843221e-01
8.707583013814776396e-02
-2.479462515661140162e-02
-2.100735456289289441e-02
-2.312706666385269394e-01
