-6.486827147301804652e-02
-1.230624206514299712e-01
1.520995416288304369e-01
2.416552005782671500e-02
-2.891600692986938670e-01
-7.950336543240482667e-02
7.710805325884644013e-02
3.929852593872931038e-02
1.121051390434120609e+00
-2.171814966069099961e-01
-5.200069079706334807e-02
1.587649299333823150e-01
2.728893999256248870e-01
-1.678541948298166442e-01
-1.109673519730168950e-01
-3.397693421254030510e-01
1.797951207079188374e-01
-4.369598924900930936e-01
-6.161952407049735292e-02
1.806337763510620087e-01
-6.803616710248511223e-02
1.034225501222412191e-01
9.754851784080500327e-03
4.432314681244655663e-01
-7.892809276547287090e-02
-3.303998390686350151e-01
-3.742954358369906531e-01
6.553351022001163706e-02
-2.932626564064298377e-02
8.010099542388590677e-02
-6.238125474608641891e-02
4.746978367309770408e-01
-5.303865805407945722e-01
1.400818645475529999e-02
-1.924839850934147722e-01
1.596694340918662913e-01
2.771382499852994008e-01
-2.144502689366895309e-01
3.726452448222165037e-01
4.922246485879588213e-02
3.538864630456790561e-01
7.742929644947194046e-02
-1.752683585635452790e-01
2.727201048314096057e-02
2.252689393427016185e-01
-5.089552117729599923e-01
1.420213861290577917e+00
-1.035004877587786809e-01
4.409391938538147204e-02
-1.872783885411922755e-01
-1.453973073912722958e-01
6.463712258924547704e-01
2.626925839297758469e-01
2.558997849380630421e-02
2.123786391085573655e-01
1.988243000905350333e-01
-3.383107389395156317e-01
-7.447452386230095644e-01
2.280675783905468934e-01
-1.330692847855586558e-01
-4.860120764021230721e-01
-3.339244432001707563e-02
-2.573885726783999295e-01
-3.854579001404721539e-01
-5.788722707464274420e-01
5.600336076433509030e-02
-7.018189111297838678e-02
-4.763759313299320008e-01
3.206596982807876639e-01
2.860056495648685693e-01
9.348662168114832416e-02
-4.746129601341673721e-01
1.866769315653859507e-01
7.949421203897706345e-01
8.850178498452972997e-01
4.820354724595447005e-01
-8.612850230131800788e-02
4.419663829490582674e-01
9.757000949403098200e-02
4.414256468697135283e-01
-1.341348263303830946e-01
-3.629139727498388313e-01
8.785496671003033275e-02
-7.044757841519111441e-01
7.105425506545601233e-02
-6.633216728592120637e-01
9.077774418276504404e-04
1.140479208844240450e-01
6.290966269015952905e-01
4.897473345564092306e-01
3.080611742826078747e-01
2.442573841988869565e-01
3.943410064820244282e-03
2.433575171843173068e-01
1.565036162814678888e-01
-6.517413459535835729e-01
2.484034845481619125e-01
-4.631061398474364821e-02
-1.094368748945836328e-01
-2.997249229818502170e-01
