3.127130760993455938e-02
-1.325470427662968631e-01
8.792315571833229926e-02
4.653180625461723202e-02
-2.254439875273734906e-01
-1.517492457477137846e-01
6.889462463038011075e-02
2.750374123874784436e-03
1.294589900824925977e+00
-4.494408688394820883e-01
-6.575333622309006976e-02
1.825159057950009323e-01
5.421514992120142207e-01
-9.405575853164460653e-02
-5.185959844891811776e-02
-4.777246983506418521e-01
2.550564338354736060e-01
-2.227683066898417941e-01
-1.369616896975361930e-01
7.572682702688975087e-02
5.344030173700737435e-03
1.209731208429656911e-03
6.303714575618050986e-02
5.074793325787104736e-01
4.840755217051068843e-02
-4.899142768755089805e-01
-4.232545212263232326e-01
3.096309345522584855e-01
-4.360013784335700637e-02
2.110973237040967010e-01
-1.173988311347629737e-01
5.260431127546448815e-01
-4.627160707696990061e-01
1.504948395188860366e-01
-3.283222415651048665e-01
2.125925335036458752e-01
3.719440810031538480e-01
-2.223891576742276499e-01
3.070422811896755810e-01
-7.099123390132096312e-02
3.801940571374379241e-01
-6.046389145908825924e-02
-1.788533959704975418e-01
1.600968451944670135e-01
2.418067738363889052e-01
-5.491876641028992090e-01
1.332615154242716260e+00
-1.846227234017243646e-01
1.532029765940506327e-01
-2.394361654545129059e-01
-4.137812949134899582e-02
6.162393017142735463e-01
6.011121592780592771e-01
1.821729038941109421e-02
3.512691389917946272e-01
2.427226178300360138e-01
-3.082440310181455700e-01
-9.475686823386330060e-01
5.696447968738768131e-01
-8.820702007905639741e-02
-4.366259706682784625e-01
-4.102122621209598752e-02
-5.209279796369875593e-01
-5.085990217082128062e-01
-8.634350911684981478e-01
-2.306936348395323758e-02
-6.971768597696854919e-02
-5.137917565600066405e-01
4.065385932493509324e-01
3.147952565603964747e-01
1.603575140629465712e-01
-4.446094888174846882e-01
5.235321510423323471e-02
9.384025919445261321e-01
9.451594665966609465e-01
5.428065033602668121e-01
-9.045428070569096202e-02
3.856044356560970887e-01
8.656932709577827567e-02
3.586891716182918910e-01
-1.617900150111830637e-01
-3.757990756807512711e-01
4.550075233649462231e-02
-6.521759970291043373e-01
7.851439548758938625e-02
-8.886795135860434680e-01
-1.818893795962574916e-02
4.134656119656400231e-01
6.258284809913352564e-01
3.500651365931483072e-01
2.547334456449500961e-01
1.709049418381456131e-01
-1.800141092780394318e-04
2.507659810184442728e-01
1.150622806877018341e-03
-5.406397188347349392e-01
2.937609241718172615e-01
-8.321447101379296496e-03
-2.016944926590095444e-01
-4.408225357853520210e-01
