1.339258306776790544e-02
-1.459887870167137780e-01
8.895935476481187099e-02
-1.592611594820723606e-02
-2.349469086517437522e-01
-2.445566194312133457e-01
1.694125969357427042e-01
4.418871717507218827e-02
1.205278146908938197e+00
-4.368885609754204480e-01
-6.000172586425475685e-02
7.178107434877661897e-02
5.273312263877438788e-01
-3.410998689882418361e-02
-9.003324363211157033e-02
-5.123015679675504419e-01
1.112865260452343824e-01
-2.817409874068310116e-01
-1.200998016489692594e-01
9.759860173066544145e-03
4.693123423345178791e-03
2.093275538313985051e-02
4.961749822825179540e-02
5.496814445286516415e-01
-1.566955044416638854e-01
-4.481515127852461200e-01
-4.238445766180269358e-01
2.233240239463316623e-01
-2.192099411193194902e-01
1.281046180716950700e-01
-6.939136890226023369e-02
6.303318276278619958e-01
-5.128624891008678466e-01
6.911118099852057994e-02
-4.535774424318997355e-01
3.212034649748793935e-01
3.595311262733750790e-01
-1.371835360758267008e-01
2.980070973956895353e-01
-3.733309636017493639e-03
4.200742447389810286e-01
1.228697614102482599e-01
-9.761994834213116867e-02
1.037756173945522664e-01
3.483898645406288130e-01
-6.452200155878762278e-01
1.168221602487157673e+00
-3.545026813007693400e-01
3.210969568677518038e-01
-2.243704412399701309e-01
-8.354065760643478167e-02
5.849445341768240159e-01
5.180308220604802338e-01
4.973655321594194073e-02
2.923429989817121766e-01
3.473252473969973830e-01
-3.069842579573915375e-01
-9.202778456426545794e-01
5.759863774503729550e-01
-1.542539291438947968e-01
-3.407361130456864617e-01
-1.050688914522231315e-01
-5.438144036499255041e-01
-5.965550421209913079e-01
-7.209124236454695911e-01
-3.217793751461693608e-02
-1.063626060246804644e-01
-5.029733016438544535e-01
4.347508885933219491e-01
2.384223494236026308e-01
1.847921921728218619e-01
-2.872638046306545956e-01
1.173205821024218554e-01
8.647433320798588730e-01
9.512145657627859574e-01
6.501180137944972959e-01
2.053575313761138790e-02
4.164510974357265027e-01
4.397823627465383828e-02
3.752581397585218470e-01
-1.265486142627279265e-01
-4.315796663395940480e-01
4.187137427080279278e-02
-5.966546326474444495e-01
1.243306965370600814e-01
-7.915873208265418182e-01
-5.780282251021255646e-02
3.560970493428636807e-01
7.167168524171362298e-01
2.875548882752859137e-01
8.943277813909067397e-02
-9.650837293784932103e-02
5.144765246719983087e-02
4.285818934885835679e-02
-5.936483145546810059e-02
-3.996999691026714152e-01
2.174018577123568441e-01
1.348881168969297550e-01
-2.601544185850504509e-01
-3.839444301374373980e-01
