-1.333365488633006801e-01
-1.680198535397622595e-01
9.661566927965932472e-02
-4.258087087405491161e-02
-2.107655742258076337e-01
-7.781753776334121575e-02
1.929766785538850615e-01
3.097894270603323771e-02
1.116839866832945782e+00
-3.269067149852212806e-01
-2.148674320150902040e-02
4.463641792933940172e-02
4.162290506925684919e-01
-2.074381264801524599e-02
-1.197028371100878341e-01
-4.044922178334411922e-01
-1.021216204784062415e-02
-3.855966511875134062e-01
-4.233043717922067850e-02
1.248557973228839185e-01
-5.290952353376020961e-02
1.097408357623048669e-01
5.464614312083806991e-02
4.685929153036130224e-01
-1.272047472036257343e-01
-3.482866915834614829e-01
-4.329091550640005170e-01
5.149842747841081730e-02
-1.681677079363925187e-01
2.293988316079893439e-02
-6.063513813472513891e-02
5.962371899816394372e-01
-5.607064219870275812e-01
-5.360546400497739894e-02
-2.078270177101047000e-01
2.828592561329528188e-01
3.084994683699805451e-01
-1.610879462938295537e-01
3.504324149224344875e-01
7.959506217955529539e-02
4.056603008188889858e-01
1.725063880815066175e-01
-3.685664920048052628e-02
-6.379899283660907770e-03
3.515373883034558777e-01
-5.896691620849980886e-01
1.367039729093038725e+00
-2.340184030389982073e-01
2.052837875593385430e-01
-1.598379343604661995e-01
-1.574602550406030976e-01
6.246910015890937418e-01
3.075910469232535083e-01
1.038809201764831214e-01
3.472912469031423921e-01
2.540467815015994835e-01
-2.220366846754718571e-01
-9.149404278813606517e-01
4.174480838778031333e-01
-2.514375387779410054e-01
-3.228751469161912357e-01
-6.070699255771982994e-02
-3.431628621452610939e-01
-4.353889916758098555e-01
-6.160217139162523781e-01
6.389645198670980408e-02
-1.508107262580844765e-01
-4.672980491511382617e-01
3.169689197913235224e-01
2.856006170630160934e-01
1.841070400902586890e-01
-3.207700296400045614e-01
2.398750357909250897e-01
7.502112607808676392e-01
9.051183184528381886e-01
5.067690451374973204e-01
-6.425574093095734463e-02
4.059181436548605082e-01
8.060920118457570727e-02
4.020798048964793203e-01
-1.240466190598402407e-01
-4.411502300048601999e-01
7.616260096775349930e-02
-6.345128370680503949e-01
6.212444199284314350e-02
-7.261480518652781990e-01
-2.268375448429124641e-02
1.750007996049415815e-01
7.021538248741859833e-01
4.404123975424147353e-01
1.646818401859925785e-01
6.700388795471433345e-02
2.366524704133787793e-02
1.735139178537642712e-01
1.170396535617308081e-01
-5.769873810674781556e-01
1.861662153175517587e-01
7.164872322673591920e-02
-5.386889790056583610e-02
-3.816745638724932110e-01
