2.260351154997371995e-03
-1.629517718496695800e-01
7.742288090191053185e-02
4.135557807128283081e-02
-2.695727467332695304e-01
-1.802001755688489026e-01
7.296741274888397799e-02
-3.072348397700676650e-02
1.220859785035197209e+00
-4.289950784195150080e-01
-4.055030331254615844e-02
8.006649356115468075e-02
5.157048787601337114e-01
-4.437603634222203608e-02
-9.382477568375494070e-02
-5.236951718142791590e-01
2.009566336917667229e-01
-2.863214650295265451e-01
-1.107864282401498784e-01
3.012918641088078303e-02
2.349075649876626939e-02
-5.182497236512005612e-02
1.179845523673482277e-01
5.288585378481729382e-01
-1.217417382415490607e-01
-4.825058804341463836e-01
-4.421711932649546872e-01
2.743740097215318641e-01
-1.414649190372418153e-01
1.380812476015573220e-01
-1.298067205499746635e-01
5.478807704726624817e-01
-4.978755521290081920e-01
1.601078574264969134e-01
-4.091660203666659390e-01
3.258216659221924161e-01
3.649625689831358377e-01
-2.369221021221133427e-01
2.872730355091056564e-01
-2.381979767607816240e-02
3.790482123625128486e-01
8.032848953055304886e-02
-1.641181288017072026e-01
1.178405240355128725e-01
3.134075901170013667e-01
-5.576275411168669649e-01
1.304389525379445081e+00
-2.885766664176503404e-01
2.903967599644481368e-01
-2.281671301739869040e-01
-7.253354300431615054e-02
6.034592971195724687e-01
5.799271433169823631e-01
6.032411005042147278e-02
3.346200621851597723e-01
2.776933812796228973e-01
-2.991452623580036496e-01
-9.100460809051846844e-01
5.624390359534032768e-01
-1.392384490641066230e-01
-4.066115818512197611e-01
-5.321276643321097566e-02
-4.949122115168065883e-01
-5.233017595233282471e-01
-7.724106523643841093e-01
1.562306890412845130e-02
-9.540977448835406827e-02
-5.135395280964495379e-01
3.912421617000945151e-01
2.756201071920216794e-01
2.000111474421959468e-01
-3.714031119624391919e-01
1.032288232107451409e-01
8.794839377360534893e-01
9.428277441106140966e-01
6.238919248349987789e-01
-3.898883374485809239e-02
4.219475472527769444e-01
9.958234316832526023e-02
3.853300763598031531e-01
-1.239671731534952026e-01
-4.201486988888403218e-01
5.877084052184865237e-02
-6.173838744564931202e-01
1.131201004031547053e-01
-8.387498171817426851e-01
-6.421863346145268358e-04
3.939392559714804398e-01
6.528611457497696113e-01
3.050444153457224084e-01
2.481169874296088318e-01
4.088797280658100497e-02
3.068355821366045358e-02
1.602783765666856153e-01
-2.557544410681581240e-02
-4.873119516803882112e-01
2.582934002984805799e-01
6.671725229145655453e-04
-2.447878547758917667e-01
-4.093567664518044102e-01
