-5.350540012782849242e-02
-1.011297983382804661e-01
3.363367419661070223e-02
-3.528946834561729612e-02
-2.393472743174271666e-01
-1.080512759750147517e-01
6.711502818289594163e-02
-1.718906523982487167e-02
1.154394822215891736e+00
-3.299688249086906722e-01
3.419026105360670198e-02
3.723023794956303173e-02
4.306519846166873000e-01
-1.040837104702186516e-01
-1.276039509693312757e-01
-4.742263599432682275e-01
2.111682021558880795e-01
-3.371838966132311155e-01
6.164684825546857573e-03
4.992603593118444955e-02
-5.835871750943674718e-02
8.259271238405354806e-03
1.161133363741603530e-01
5.715124015206312080e-01
2.049653782599839685e-02
-3.625828748848444194e-01
-4.501145153929212439e-01
2.706058876479291997e-01
-9.224263354235133494e-02
1.059332960223557801e-01
-2.116431582457156124e-01
4.244557940686435327e-01
-4.840058114811093271e-01
1.219855953324737036e-01
-3.880248782155180098e-01
3.519908213265738883e-01
3.497519470696912602e-01
-2.204956426207261566e-01
3.237005977802581147e-01
-5.464794989177367002e-02
3.156506145715003986e-01
9.958222180952888691e-02
-1.253367876657359714e-01
-1.586244895202460273e-02
2.815872903002266114e-01
-5.282958634932893860e-01
1.354936438567516221e+00
-2.645472023844656073e-01
1.979475280689907413e-01
-2.119296725836939399e-01
-1.599836191347058512e-01
6.161592505701326550e-01
4.223785292088650944e-01
1.041257106574297042e-01
2.971547207549870007e-01
2.543236072076337506e-01
-3.037490633905668980e-01
-9.060570012605462242e-01
5.132479498084147052e-01
-1.703836666512472120e-01
-4.496669456773227935e-01
-1.752278575877071476e-01
-4.185379211855838610e-01
-4.752055258547656647e-01
-6.591202822410130446e-01
5.571728928340366482e-02
-1.637516446573497597e-01
-4.986442986549231571e-01
2.998083092861489329e-01
2.662304271626154129e-01
1.657057527627988913e-01
-4.189003311810818309e-01
1.296890122303849258e-01
7.437788683770272247e-01
7.889340321187185978e-01
6.314903871551250658e-01
2.331058084543130918e-02
4.829219088576870433e-01
-1.491551324185360662e-02
4.272599910646468491e-01
-8.246595942549739267e-02
-3.594906228543311988e-01
5.198312818200512969e-02
-6.895006081380838925e-01
8.539363480336391310e-02
-6.921669386414248670e-01
-1.079189157450627032e-02
2.515225083411537499e-01
7.276812489597194178e-01
3.668458466262990436e-01
2.943760587335148560e-01
1.491878047010934127e-01
5.153257036824075710e-02
1.161560362892226222e-01
8.799010994365695504e-02
-5.116737251168684830e-01
2.571299173253138171e-01
-1.025641466079325326e-01
-2.195173419290704642e-01
-3.878050405217881025e-01
