-1.000429494344129162e-03
-9.147966903355848889e-02
3.755224895947354563e-02
5.996164983234067956e-03
-2.745769528826204064e-01
-1.808345209182782853e-01
9.437543568490631973e-02
-8.702891695243492043e-03
1.192947325056690433e+00
-4.304285428553882853e-01
-4.466303823585840438e-02
5.504561720834264676e-02
4.646305513169136647e-01
-2.594556566160290817e-02
-9.766641216817648075e-02
-4.986082967288542056e-01
1.972572536354104678e-01
-1.979440010312865650e-01
-1.284063645740340376e-01
3.256884328103278048e-02
5.283823779209042767e-03
-3.301668603910021260e-02
8.470399216657531483e-02
4.957129336478104942e-01
-1.831313954534778340e-02
-4.015841502663853313e-01
-4.128912941143534354e-01
1.819378434402705857e-01
-1.543693980385732467e-01
1.684243569608959157e-01
-7.689513093302932645e-02
5.756645688335162436e-01
-5.132183966545045273e-01
1.373447914388894464e-01
-4.172123498585915136e-01
2.556189790199608902e-01
3.778909846887982260e-01
-1.786418197944678043e-01
2.762785147255090168e-01
1.987804857901415145e-02
3.442674145656022811e-01
4.903876511632034724e-02
-1.886811370895263851e-01
1.536240582838740154e-01
2.992234670224004911e-01
-5.473103931469063266e-01
1.185410025507457332e+00
-2.893805944327566548e-01
3.090718442068081662e-01
-1.764607727460490438e-01
-5.685928625011406334e-02
5.583428968642141221e-01
6.133059622870750127e-01
4.609394428792633509e-03
2.511027733126078298e-01
2.859869514675784097e-01
-2.605549298945166181e-01
-8.774093725749549932e-01
6.146292390111353088e-01
-5.641985603694633922e-02
-4.318105884458323662e-01
-8.215481856502292179e-02
-4.917865403404054758e-01
-6.411331242951602283e-01
-7.292884587543237984e-01
-1.219622079535599701e-02
-7.957130962287931042e-02
-4.995942837340243692e-01
4.271857699397797470e-01
2.180599374984955041e-01
1.647940091084018344e-01
-3.284445249597123806e-01
1.130548095151485410e-01
8.568375131810516132e-01
9.241651900351066651e-01
6.300325218134641414e-01
1.830565105357149711e-02
3.621388219729373970e-01
7.140098781108943082e-02
4.039702802859174158e-01
-1.098290286568275459e-01
-3.625901123487658695e-01
6.851938115846478716e-02
-6.013076771904315443e-01
1.622440349848982000e-01
-7.706908093709844421e-01
-4.212200158145905371e-02
3.762872109792118613e-01
6.018536435701876686e-01
2.699080085674014362e-01
2.142801986903404843e-01
-1.119483360674117071e-02
1.867851201345593903e-02
1.478754179582584538e-01
-7.727957416186924042e-03
-4.595712053334653491e-01
2.348184122489327397e-01
3.642827527613245325e-02
-2.966923002557713684e-01
-3.733612457079804603e-01
