1.268235917567002956e-02
-7.553846408920537880e-02
1.754273047022882615e-01
-1.349168086063237681e-01
-1.475745166267685982e-01
-2.379721729149886222e-01
1.991103314773521316e-01
1.474746515092020815e-02
1.215968421104958841e+00
-5.423661545514960602e-01
-3.856460637692559618e-02
8.722350184273797158e-02
5.374728945554430037e-01
-4.598346601704439429e-02
-1.506155477877201831e-01
-4.432943887611563993e-01
9.249189953476226467e-02
-2.273132626544865642e-01
-1.339922982822870645e-01
-9.059982168471382435e-02
-1.793158826356496026e-03
6.112705753053133267e-02
6.417991598168348855e-02
5.328516890955553587e-01
-5.373493983258999240e-02
-4.358403238943120428e-01
-3.825990578216112992e-01
3.022385961390496867e-01
-1.305237744091741481e-01
1.350327192788324526e-01
-1.280522516402184674e-01
4.806278798390326568e-01
-4.693284345064280272e-01
5.426472696642378746e-02
-3.577973725374076208e-01
3.640947816130205572e-01
3.483611100666348936e-01
-1.500494175155400456e-01
3.600659810862102961e-01
2.423495751571116616e-02
4.919013598264920240e-01
9.441404076548136348e-02
-9.960280410178924682e-02
3.084918182683671697e-02
3.470818250634131186e-01
-6.555216078023055060e-01
1.256100927335260131e+00
-2.982331681157380232e-01
2.151736974426524396e-01
-2.127231282585300143e-01
-4.881568738107852634e-02
5.151851418968356189e-01
5.040239560555306308e-01
8.134362144125824312e-02
3.700934524583647245e-01
3.051414536256248367e-01
-2.816819615611711458e-01
-1.014623798740656113e+00
5.474728264123353005e-01
-1.945767752205260215e-01
-2.981401615156898943e-01
-1.302821487591669380e-01
-4.764155053841487852e-01
-5.282510646221042494e-01
-7.044012306627412956e-01
-1.056679063071655211e-01
-1.887127145347028134e-01
-4.509679651598088035e-01
3.776137513292259773e-01
2.290168406687723424e-01
2.103192369023241803e-01
-2.643703766070127914e-01
1.528600915708440422e-01
8.324197997848699071e-01
1.009943575898464729e+00
5.636219729758210617e-01
4.579074959553857196e-03
4.598140739045731840e-01
-8.534856702170917631e-02
3.935605736750670269e-01
-6.566330668839127915e-02
-4.655593454922080654e-01
6.832962721683547014e-02
-5.623390248230963895e-01
1.040029968228553398e-01
-7.030468493409218755e-01
-8.380864697299537924e-02
3.353475794194736848e-01
7.281440296607061269e-01
3.073971987857592181e-01
4.817303813254556789e-03
-1.111696724768519995e-01
-6.765503769908503672e-04
-1.778920604110541129e-03
-7.191842975585416298e-02
-5.000757590204322200e-01
1.953560440785227503e-01
1.098670509237605203e-01
-2.082560624367709168e-01
-5.000564517755174965e-01
