-1.859359795001105098e-01
-6.282648986745861808e-02
5.340137841037519845e-02
1.363308169711482769e-02
-2.719937744562422877e-01
-2.647721294044443757e-02
7.587546116346177705e-02
-5.317036091940123728e-03
1.020755413298070513e+00
-9.874605501310228239e-02
5.579067083956115725e-02
1.107004799922525484e-01
1.925986206119040256e-01
-6.418643729129210052e-02
-1.720520708243456764e-01
-3.352545323903379226e-01
1.361333118475283321e-01
-4.240223638748102375e-01
-3.950677462357741337e-02
1.859295173028684411e-01
-1.494495347746762071e-01
9.522036196231317695e-02
9.062469817779437997e-02
4.339492418591044398e-01
1.267232032914311635e-02
-1.987997689848666483e-01
-4.539470809473333812e-01
-5.616759835325915023e-02
8.444072296048885443e-03
-3.847813906655485339e-02
-4.066869667812508110e-02
5.279809124592717007e-01
-6.151430236166719467e-01
-2.448241317468795308e-02
-1.553801688805073744e-01
1.946559301510450146e-01
2.640090168192379405e-01
-2.353437646562969165e-01
3.942515617751634616e-01
2.400407388403822534e-02
2.530598141669481160e-01
1.773648294267994308e-01
-1.106001646518671444e-01
-3.352416453462483265e-02
2.494407117458239675e-01
-4.539803732998630159e-01
1.433007772150746595e+00
-1.712429579727152984e-01
9.202423220580324692e-02
-1.450748936365765795e-01
-1.954816010281299477e-01
6.703367757468797761e-01
2.829683358476763888e-01
5.901602109204668462e-02
1.893888536781035137e-01
1.484036457638370221e-01
-2.244488388026875669e-01
-7.526937619732391171e-01
2.838007489278203677e-01
-1.550195951129318128e-01
-4.780316498055268148e-01
-5.385104619812020738e-02
-1.826026996160133586e-01
-3.802532847624852663e-01
-4.826840879882822732e-01
7.054058969732295015e-02
-9.164069546734884830e-02
-4.878883116954336741e-01
2.231130314754662947e-01
2.076791983804187613e-01
1.280178800089557256e-01
-4.622185200057032373e-01
2.512955158739054728e-01
7.553904689490001934e-01
8.469315049692053288e-01
4.331193732440226651e-01
-6.083222673255311852e-02
3.916641110733916631e-01
1.467246308047566623e-02
5.291365751325917133e-01
-1.100658475388551633e-01
-2.961352886778422233e-01
6.560477183106831756e-02
-6.835064849971635992e-01
8.454112848544713399e-02
-6.452592549735147731e-01
6.141335314104959947e-02
-7.758932716874426642e-03
6.205059457184622929e-01
4.759720948110248706e-01
4.556867337586819056e-01
2.908352204571512667e-01
3.059415960505343021e-02
2.808672066055555860e-01
3.233299021887958702e-01
-6.653103027797341307e-01
1.093536660096069563e-01
-3.756318372314704918e-02
-5.941336564245559837e-02
-2.611448067292628239e-01
