-2.132582657306532625e-01
1.913810888070013871e-02
5.633359555872434130e-03
-1.414071278807578144e-02
-2.541474282787673511e-01
3.680106548399764838e-02
8.646055930957349811e-02
-5.917496674165972914e-02
9.985241873509888011e-01
-7.382522321932855069e-02
7.349691414157522029e-02
7.951652553714616545e-02
1.804759522267781191e-01
-7.061412534813861497e-02
-2.172036944938352532e-01
-3.296613523635399945e-01
2.031351847927715393e-01
-4.555264332858062204e-01
-1.770979133965371738e-02
1.367173483746636220e-01
-1.586602208117836588e-01
7.446534837571446019e-02
1.411750627243600065e-01
4.254669937704484983e-01
6.349220565655340487e-02
-1.190704030481879450e-01
-4.609625633866004657e-01
-6.115517379578240542e-02
4.812423078179910857e-02
-1.841625958692918313e-02
-6.127269699628447308e-02
4.738405896798863481e-01
-6.590465000476538604e-01
-2.339176597106017164e-02
-1.739143538739762462e-01
1.805888229945561418e-01
2.778430910372926554e-01
-2.448580214581587977e-01
5.044276587482118268e-01
4.175629123428536288e-02
1.493148619965635748e-01
2.069466819096940358e-01
-9.493580626825251501e-02
-8.187800534381478590e-02
2.357722029657392804e-01
-3.890780197445020128e-01
1.439318330064100371e+00
-1.489719444730790987e-01
9.868861099089630551e-02
-1.378841823588810855e-01
-2.209953495592084372e-01
6.290553071552551501e-01
3.143330953511965786e-01
6.789121069142883824e-02
1.815991709359500439e-01
9.581763490393849225e-02
-2.990438367855049462e-01
-7.466765281129249532e-01
3.572048867394094773e-01
-1.491846210746194390e-01
-4.992228010510882386e-01
-2.696339888949890115e-02
-1.701443676507530811e-01
-4.130161198866912908e-01
-4.576857295522569480e-01
8.923209837446910431e-02
-5.877199887027657887e-02
-5.045447566093781422e-01
1.814842855148549594e-01
2.146469802509959057e-01
1.151800200055284190e-01
-4.717299860294607017e-01
2.530056853370173386e-01
6.985030315256545164e-01
7.919395844030803211e-01
4.321531978342311731e-01
-5.353548218627255523e-02
4.228441993736267168e-01
2.875407903498262974e-02
5.825638940121475873e-01
-7.240794520833003511e-02
-2.537627178990343735e-01
-5.838077936686584743e-03
-6.797206091114814663e-01
1.182344287490234569e-01
-6.757699442373314991e-01
1.047907041372410503e-01
-9.611660412504725859e-03
6.063480692992655463e-01
4.682813817362388442e-01
5.141695239927067673e-01
3.036526048497898422e-01
3.184285180029768070e-02
3.152656547101488349e-01
3.558423469140852835e-01
-6.548640379034632586e-01
6.425134721695720252e-02
-5.812764165662379079e-02
-9.528885567814361635e-02
-2.133682502376692547e-01
