-9.822675940346693724e-02
-9.025869880550280167e-02
3.457999118249244219e-02
9.035352051197616252e-02
-2.638141772754222791e-01
-9.573699257605808310e-02
5.317490429008157882e-02
-8.506841467730907880e-02
1.108637309083638778e+00
-2.477477722604932431e-01
-2.385251519768532766e-02
1.110840129287010980e-01
3.017744152089325560e-01
-6.972399776222315548e-02
-1.798927407813898649e-01
-4.084174543896310627e-01
2.137859343093730102e-01
-2.255024130110613312e-01
-1.178154901509787661e-01
5.871482855183726701e-02
2.538145245158446653e-02
-5.994826800517150112e-02
1.210288802738055114e-01
4.649178912269174568e-01
6.133596648899331677e-02
-3.386770828906404684e-01
-4.100195410041009292e-01
9.098925039957125871e-02
-7.192065592986580935e-02
8.761228310173491129e-02
-1.246555864792074780e-01
5.320372630223468846e-01
-5.184831143535345577e-01
1.292987362231794723e-01
-2.551308873360733642e-01
2.034704453280616054e-01
3.386147414847840986e-01
-2.177104653246195731e-01
3.201174461040867114e-01
4.174241797528371184e-02
2.891642731951228895e-01
8.652036959280150208e-02
-1.907805757125252133e-01
1.315044491946958660e-01
2.086565493760051682e-01
-4.622452788173574412e-01
1.308110215754023642e+00
-2.290398651793247586e-01
1.691188413623479492e-01
-1.754414210536161256e-01
-1.073368469679133602e-01
6.250564353342157320e-01
5.840290529411757969e-01
2.498867049247226538e-02
1.775787323409568075e-01
1.960454601892512305e-01
-2.158594836281888807e-01
-8.446266630199048553e-01
4.846362031462548292e-01
-6.164837805748123178e-02
-4.521668114762008028e-01
-3.189162625053505035e-02
-3.661375384507223329e-01
-5.559693021218400366e-01
-6.637868064634332432e-01
-1.299213867752222612e-02
-8.218355612357826356e-02
-4.939360471933884056e-01
3.329969736980790129e-01
2.467392734931670717e-01
1.422759042980727973e-01
-3.499922558353158464e-01
1.722112205618891723e-01
8.621974135580811049e-01
8.300374929740848007e-01
5.213358188396902682e-01
-9.810836742687630008e-03
3.811139959503792030e-01
4.396468505517725500e-02
4.296794771193426232e-01
-8.633567191144560227e-02
-2.750742457922918938e-01
9.421124922483531394e-02
-6.286063759987711164e-01
1.521891005701204169e-01
-7.388939748281355691e-01
-3.700312040538423358e-02
2.799835047784983155e-01
5.734107805159337490e-01
3.795270999942765844e-01
3.749367898081658046e-01
1.073480735416721815e-01
-5.046310294505380878e-02
2.766261254183104978e-01
1.643251455413662077e-01
-5.306819525512377345e-01
1.613565288920810470e-01
-4.690817085014434978e-02
-2.342536219124783103e-01
-2.713091901028533703e-01
