-2.997519136765466712e-03
-1.591254776644263624e-01
8.898126502886265221e-02
-1.000709261833525737e-01
-2.031683352612080606e-01
-2.334092467274095639e-01
6.995678741583137572e-02
-4.598784005777289269e-02
1.233130774394832319e+00
-4.408163374611331897e-01
-4.841178741725319506e-02
1.028556675830230721e-01
5.256669170386664147e-01
-9.017711382653909036e-02
-1.181140100152370531e-01
-5.019355733964878663e-01
1.546751724676391770e-01
-2.562668700161357949e-01
-8.756606413238417208e-02
4.058671329797169935e-02
-2.398257519239699667e-02
2.894455767751395042e-02
5.189502653817268385e-02
5.238614905978222769e-01
-6.311774773325400101e-02
-5.172142745403247588e-01
-4.088192386233638342e-01
2.920742955928316564e-01
-9.723997457481051154e-02
1.447595013113442686e-01
-1.201631730194592934e-01
4.730667553837646366e-01
-4.539080803926643370e-01
7.815550614631432136e-02
-3.943204561823934751e-01
3.403498684543416752e-01
3.088165605729626395e-01
-1.588281717236260659e-01
3.079350308316269880e-01
-2.013192338311746432e-02
4.609552316124952975e-01
8.697947268003280996e-02
-1.371379267195465268e-01
5.892540941137071331e-02
3.188805456641907732e-01
-6.288715401671006733e-01
1.285640024880917220e+00
-2.832815260817104219e-01
2.515431036903724715e-01
-2.430780742776577075e-01
-5.429686287590701488e-02
5.665351885318029579e-01
4.866898021136852326e-01
4.641181189014869507e-02
3.451474339295872440e-01
3.185486435573058883e-01
-2.877922216410565559e-01
-9.885352399918828636e-01
4.773484068844617290e-01
-1.591275822482557112e-01
-3.724796350220335173e-01
-1.403753975023502854e-01
-4.322345630669641170e-01
-4.609800703471694239e-01
-7.033379808522229881e-01
-4.582521865438629605e-02
-2.144976396924232753e-01
-4.678268069264214235e-01
4.072956736502107433e-01
2.629072424682101783e-01
2.022190022399365239e-01
-3.090006477388077544e-01
1.249772988039473121e-01
8.582405981750910184e-01
9.734193039928564772e-01
6.024913618590613806e-01
-3.155630623873008356e-02
4.694069015143445545e-01
-7.274255943631506571e-02
3.424865527700644563e-01
-8.385534795822217891e-02
-4.456438644261016546e-01
1.120849978701685817e-01
-6.313072555640849570e-01
9.583165293012818609e-02
-6.994484991043531386e-01
-2.945750082696375546e-02
2.901569144082469243e-01
6.911653600869901437e-01
3.368203999885014954e-01
1.313238825110920327e-01
-4.732416083640821752e-02
2.889250492613314875e-02
6.934890635659073099e-02
-5.252040425211745855e-02
-4.744810070010319625e-01
2.441081760295708558e-01
6.280612046513503466e-02
-2.267819494189987628e-01
-5.043540679188786013e-01
