-1.693650229467611942e-02
-1.146218431855500486e-01
1.173807510929539000e-01
-1.131660900101080086e-01
-1.874996548377047823e-01
-2.052205240137230102e-01
1.526690249541970412e-01
-9.273018064077139921e-04
1.143530551286220831e+00
-4.169071993939252874e-01
-5.893410490791117784e-02
7.332876865454818205e-02
4.788510122653710788e-01
-7.482747219607359390e-02
-1.160961038222114161e-01
-4.573668137035570846e-01
9.376474445470839303e-02
-2.454235421268972650e-01
-1.200489825984256270e-01
-2.779854083645330685e-03
-4.622216539304369043e-02
6.574616042933752180e-02
3.869938053689794821e-02
4.934665427841316565e-01
-8.188137864023031787e-02
-4.174662635470915983e-01
-4.095370294598321692e-01
2.143845085281335106e-01
-1.455613689317998283e-01
8.654788036039490207e-02
-1.001385095392648417e-01
5.509322434279978475e-01
-4.951011916384668865e-01
3.962534639011037335e-02
-3.752834844507037526e-01
3.175782638747801090e-01
3.287459204159130510e-01
-1.279448245052337840e-01
3.138226361826824129e-01
6.863762209830526206e-02
4.185537685643498929e-01
1.380255098413780968e-01
-1.037581458458393530e-01
6.263072323160201460e-02
3.388964828405506280e-01
-6.253892957240669848e-01
1.187525796252927313e+00
-2.968058974276434614e-01
2.890682448256147175e-01
-2.354493666158073706e-01
-5.746600544686133322e-02
4.926607459804233646e-01
4.649407133132600345e-01
3.820952871299564818e-02
3.008235244265297648e-01
3.272373825185651564e-01
-2.634791524688573361e-01
-8.851320162969236183e-01
4.802781227538801545e-01
-1.364833262999444186e-01
-3.366959093153911731e-01
-1.110103328646476206e-01
-4.048362636077366683e-01
-5.316609510546167483e-01
-6.290722981962431071e-01
-5.021418815277828990e-02
-1.454568909697117607e-01
-4.223028659843992005e-01
3.918545290644190882e-01
2.079955362432741317e-01
1.770137015814826631e-01
-2.332873090629219992e-01
1.487335985899979618e-01
7.929023767883472962e-01
9.502990695806564636e-01
5.781795531440920843e-01
9.409591873259429530e-04
4.139887450191004903e-01
-5.515283846800529688e-02
3.909482004038568048e-01
-5.462528663391386097e-02
-4.222693976119858972e-01
8.269528848878403282e-02
-5.406057816797951165e-01
1.298894620035820069e-01
-6.949334768513729665e-01
-5.903979115801328420e-02
2.770897629352329083e-01
6.646763718872270577e-01
2.756030647106794129e-01
6.109721702816124644e-02
-1.008537813643608227e-01
1.646611366459008879e-02
4.412499653486589429e-02
-3.692687420991428576e-02
-4.530735359750407421e-01
1.915012673961412892e-01
1.078493586649148517e-01
-2.413570277732847158e-01
-4.271320124583114497e-01
