-4.130474756617712184e-02
-1.172929648066686759e-01
3.957795112773387913e-02
-2.358279376903482313e-02
-2.511250048756334396e-01
-2.237479901826553708e-01
1.170472337789251194e-01
-7.193825427216204993e-02
1.222018053842453655e+00
-4.168400240068892426e-01
-2.569680908798372201e-02
1.141169403086382261e-01
5.522826933502870128e-01
-1.727967261486807252e-02
-1.301742285969370028e-01
-4.729427063071379722e-01
1.220054307812810795e-01
-2.668234064466489808e-01
-1.484704055599341543e-01
-3.417079135524279249e-02
3.490149836297881669e-02
-2.558680429451649918e-02
1.463266333493294657e-01
5.450740291192263109e-01
-1.117858688808470308e-01
-4.960217063759743139e-01
-4.184385836334639786e-01
2.839723372698588766e-01
-8.556230826609144413e-02
1.164075470040748100e-01
-1.643584336580832805e-01
4.969481337176053781e-01
-4.792480811795917783e-01
7.594462251150892185e-02
-3.806475295593851893e-01
4.238083524552684889e-01
3.158290689953648922e-01
-2.475451979804215996e-01
3.471139483629374078e-01
5.974627284493778251e-02
4.401204560083483153e-01
1.461084027314486777e-01
-1.257875696583993785e-01
7.072729516877364342e-02
3.237264129374129440e-01
-6.024482985628349940e-01
1.376794075400087136e+00
-3.009508408967810911e-01
2.572390875766886187e-01
-2.315917674914977353e-01
-8.216941561049545539e-02
5.802883477652084343e-01
5.188973027531641469e-01
1.155261767625407748e-01
3.728808728910582015e-01
2.798920709215498293e-01
-3.187737338068106219e-01
-9.618018433082646812e-01
5.658836771345191474e-01
-1.782163831416655742e-01
-4.070715691398227309e-01
-8.100453762095932708e-02
-4.472149710099885267e-01
-4.257903636307772133e-01
-7.065486649690316812e-01
-3.547135864074853207e-02
-1.561645104860113764e-01
-4.551202562027308884e-01
4.036814958419309152e-01
2.559420695898824705e-01
2.330455611955742912e-01
-2.348948840977038433e-01
2.004599912484531510e-01
8.377937965894545203e-01
9.716169262578221444e-01
5.618993434681914811e-01
1.182630997533525886e-02
4.759291200800049859e-01
-2.147362062897693533e-02
3.633311447733608146e-01
-2.792202037191517452e-02
-4.424436808815027100e-01
6.301851681948686390e-02
-6.202404523324321906e-01
1.326060117799826577e-01
-7.821552411450259923e-01
5.372606810716970376e-03
3.798496323178944256e-01
6.794976010923705623e-01
3.135732852657832082e-01
1.491392956348532584e-01
-2.677817448750399384e-02
-2.145302866878931458e-02
1.168488698801999348e-01
-9.791803716440852789e-03
-5.079570791101191141e-01
1.799725474469867081e-01
-2.944857184418073551e-02
-2.265334934841379544e-01
-4.629411114372983249e-01
