-2.456308383593825417e-01
4.517990078523457208e-03
1.559916389763513905e-02
-3.163134990486674014e-02
-2.424839337638354519e-01
1.228867808540031782e-02
7.056312000980861920e-02
-7.807675735703289988e-02
1.017135010087715452e+00
-5.213308281829648339e-02
7.578194101483268219e-02
9.780955232796749443e-02
1.871041325631837560e-01
-3.712467648804497478e-02
-2.613132558011325157e-01
-3.587749692902474363e-01
1.841186501111704565e-01
-4.589428104632830019e-01
-7.297492315796998141e-02
1.460116852066624948e-01
-1.974162460849009371e-01
8.088492496726103209e-02
1.579489304394091354e-01
4.272231914656037799e-01
5.830265065711141836e-02
-1.292682694243600661e-01
-4.586111160695738320e-01
-6.730057906450319372e-02
8.207205317888389973e-02
-2.053631672152294099e-02
-2.602231132269987660e-02
4.922414506684610891e-01
-6.755136164323555237e-01
-2.213889684111459630e-02
-1.434005733957551543e-01
1.655675653443605677e-01
3.026535124628420004e-01
-2.617640514574942623e-01
4.975187845718884727e-01
3.508886961063850674e-02
1.812313740285914077e-01
2.004738186347605478e-01
-1.156047117415587439e-01
-8.615968853131650285e-02
2.430853094730975328e-01
-3.742561732565682919e-01
1.452961659353994461e+00
-1.698869795902064328e-01
1.253538880063204686e-01
-1.610016902591217824e-01
-2.054137048779349495e-01
6.566468790675030753e-01
4.041583302044576276e-01
6.084308641144910157e-02
1.831474370289524201e-01
1.095631187984493632e-01
-2.679380793114650161e-01
-7.731759869304044575e-01
3.304946879823119077e-01
-1.674099966937845352e-01
-5.150440968727700852e-01
-4.473318790624011138e-02
-1.441702638311838092e-01
-3.968951323637204820e-01
-4.812480599511300139e-01
8.118186214989997485e-02
-8.924048195385826665e-02
-5.031284302837421007e-01
1.989401104381009755e-01
1.781183454860369442e-01
1.240888596644156017e-01
-4.645510950155952723e-01
2.540078880935873196e-01
7.427899398370544359e-01
8.626119084313176311e-01
4.372844420998325266e-01
-6.693406356129460999e-02
4.337128082533894813e-01
-3.038215868216047333e-02
5.599453657474475765e-01
-7.635227511653648602e-02
-2.782627403970223123e-01
2.276387608634576967e-02
-6.473059083848550221e-01
1.096820495073836943e-01
-6.759339235510732902e-01
1.187153106179486967e-01
-2.125641717016843804e-02
6.044128740917127374e-01
4.653119789185643507e-01
5.194033872577642486e-01
2.873667521787011125e-01
2.529714936234651185e-02
2.965532682032808731e-01
3.248585721502967871e-01
-6.714365431433286791e-01
3.515865951987151572e-02
-6.566323544682270419e-02
-9.631586790801634212e-02
-2.429857894542368502e-01
