-2.393783587508014621e-01
-4.232311514715701023e-02
2.086670048627749935e-02
2.180215879997250347e-02
-3.392348942654950794e-01
1.240109328190988486e-01
9.081900852133743818e-02
-2.109422839569030997e-02
9.759552008657823574e-01
1.643517345933245138e-02
1.024519441690945193e-01
7.887622474919057936e-02
2.853304198805013334e-04
-1.379094138103520717e-01
-2.314077050283218084e-01
-2.905342337045377366e-01
1.876459030502752034e-01
-3.866205187705791801e-01
5.510219710229213863e-02
2.646369523423187653e-01
-2.541528789383632470e-01
7.306845307469590767e-02
9.152275800971573783e-02
4.725470920815512677e-01
1.147835919639363239e-01
-1.170375014731029999e-02
-4.445778037220186607e-01
-1.395591617369547621e-01
2.488243104162338876e-02
-1.133733330020787328e-01
-4.730528495939936851e-02
4.867316572752959369e-01
-6.337195270242038658e-01
-6.505841341532482905e-03
-3.854524157563016251e-02
1.269223852535514285e-01
2.392091154510080642e-01
-1.554164774547388550e-01
4.995819225392924556e-01
-1.209816752520658824e-02
6.931468835255846783e-02
2.060024070618852732e-01
-2.469285353547405817e-02
-1.093033495718135351e-01
2.161912050546420383e-01
-3.740495900129029994e-01
1.503595468191344153e+00
-1.417122187113271370e-01
3.839990505887014988e-02
-1.124956930075448197e-01
-2.475127918987658493e-01
6.479701059456384193e-01
3.127253091153341380e-01
1.099987970919953512e-01
1.489567360782403371e-01
3.300597326270802989e-02
-2.104941423275301648e-01
-7.447591134723900996e-01
2.394969616514281141e-01
-1.290812801436193868e-01
-5.312963907237214789e-01
-3.666912381607637106e-02
-8.067507698234545332e-02
-3.136673629415431819e-01
-3.700730819623382906e-01
1.415920970883462193e-01
-1.083730110499886989e-01
-4.522946180237808478e-01
1.233276270173686573e-01
2.236051786331298419e-01
5.120449012168774849e-02
-5.182287402759097050e-01
2.545523303407701832e-01
6.617517636006223780e-01
7.163245155383988205e-01
4.270200728863314810e-01
-7.223353402474344542e-02
3.902500963717824289e-01
2.131760102794223732e-02
6.038281338158399958e-01
-1.033697398570043030e-01
-2.141072987917551074e-01
2.425886880539971854e-02
-7.020107715382526425e-01
4.616211727271938431e-02
-5.250899978584158134e-01
9.377431546215027336e-02
-1.450579862486678362e-01
5.429424500338904114e-01
5.408409494075916424e-01
5.936388554218060554e-01
4.574264357457551444e-01
1.056540672433684408e-01
3.662394128136721161e-01
4.973101509323087366e-01
-6.885111370725210955e-01
1.814344949414701744e-02
-8.274654674997936055e-02
1.987722554541869122e-02
-1.002498443602875544e-01
