2.744165141801510263e-02
-1.214324940683100124e-01
8.742702356389750462e-02
-6.370566110455164188e-02
-2.322088295732943897e-01
-2.603462183491035420e-01
1.550150801436766534e-01
-1.895047065180018725e-02
1.226736990341421807e+00
-4.646577097001099443e-01
-6.255384337422259522e-02
9.960398140528560484e-02
4.977590817539757073e-01
-1.010227312579850406e-01
-6.841808848759493855e-02
-4.791346705621628010e-01
1.146424582415782462e-01
-2.213524166722802278e-01
-1.284019022564768520e-01
5.020524144217598100e-03
4.659464737266668516e-02
3.827185035790914985e-02
4.138393337681781775e-02
5.606433251622560121e-01
-6.605682748537378135e-02
-5.149363830311093349e-01
-4.039500315820100385e-01
2.787009040518281244e-01
-1.526998065129941407e-01
1.566491096843234399e-01
-1.383263503949084261e-01
5.597659409066751968e-01
-5.043890577709236878e-01
1.132020800202495486e-01
-3.819996631879462590e-01
3.100600322141844889e-01
3.393792663560235567e-01
-1.848434316070390881e-01
2.936498594901575943e-01
1.312649631329792718e-02
4.562875370796323216e-01
3.870595848099862152e-02
-1.512522254711291259e-01
1.119844017317903478e-01
3.157358485316066887e-01
-6.000966397463706192e-01
1.220194906231759191e+00
-3.404590146597535893e-01
2.288994537112594152e-01
-2.092109783471441109e-01
-5.549960681951012637e-02
5.473412477874036730e-01
5.545697299827597737e-01
2.487372314842514059e-02
3.352532833446937310e-01
3.084141554481827918e-01
-2.845244536145896674e-01
-9.101576740155726819e-01
5.736167819672440826e-01
-1.410300980599703269e-01
-3.926608457866631596e-01
-7.738366685233682984e-02
-5.089286108323887170e-01
-5.276533642833529658e-01
-7.300148638523427103e-01
-1.822477948159305361e-02
-1.169514123918459214e-01
-4.982882864611501428e-01
4.027227190958546088e-01
2.525837171818194893e-01
1.526155265652020532e-01
-3.183670748001322659e-01
9.266255845019259751e-02
8.884199223721451766e-01
9.630534255438232272e-01
5.938045434142890100e-01
1.037718133456517339e-02
4.101154915481584062e-01
-3.468664186291511506e-03
3.863390631362967342e-01
-8.572824866105688280e-02
-4.086356544417188985e-01
8.933896686495894357e-02
-5.944263814265513535e-01
1.058918372453078877e-01
-7.707641612195195169e-01
-4.396967428373108056e-02
3.874994264654490483e-01
6.577845168714432367e-01
3.138211901754589528e-01
1.319427915471024504e-01
-3.844829704519557578e-02
1.935933271266592273e-02
8.916001617253123401e-02
-4.571867644508387923e-02
-4.851710327290704172e-01
2.452729643809106186e-01
4.798007413342296468e-02
-2.413089238781795653e-01
-4.566371387783417779e-01
