-2.128626939249132766e-02
-1.486174089651153551e-01
8.489081612864607385e-02
-5.273235443398894412e-02
-2.405863255725690097e-01
-2.105107948651575578e-01
1.097786938803997359e-01
-5.613308594089793518e-02
1.210899282432035928e+00
-4.596894548161423733e-01
-3.372299694908384438e-02
5.298361397439736720e-02
5.089516560863504013e-01
-5.283905763516991844e-02
-1.310751500155683535e-01
-4.801759416788012325e-01
1.200486456049412454e-01
-2.301537722770742034e-01
-9.326493290979759321e-02
-1.251582142700486018e-02
1.265063383971009627e-02
-1.823816537769725257e-02
9.524766785496137367e-02
4.919670880421059822e-01
-9.855568500352332451e-02
-4.725409055693257643e-01
-4.060579788086459696e-01
2.347002591157779372e-01
-1.477452870858168010e-01
1.019526885906035241e-01
-1.607644334080647330e-01
5.306688745753190828e-01
-4.829731873449678581e-01
1.273307658051074653e-01
-4.145468505044316854e-01
3.744972078930072223e-01
3.494227472415737945e-01
-1.976347014145494463e-01
2.922608724136940284e-01
4.075264837933899320e-02
4.233742036771649397e-01
9.609845208603572109e-02
-1.579353356299518230e-01
1.261964786877298184e-01
3.173114859540311916e-01
-6.301639208616774956e-01
1.291080290803282127e+00
-2.808478394834944547e-01
2.852373964751675484e-01
-2.055470249830883556e-01
-4.323944461107164655e-02
5.613356240369157257e-01
5.312441383526546046e-01
8.815232030844315225e-02
3.006881640618268570e-01
3.229880269450564056e-01
-2.335121762533887702e-01
-9.679718200083783364e-01
5.732068183254497296e-01
-1.208807519545624931e-01
-3.871897564447437379e-01
-1.146422536887739402e-01
-4.557242902497469772e-01
-5.422787669877213723e-01
-7.030201809541364311e-01
-1.653739866657040480e-02
-1.455118088043533542e-01
-4.510809586010640082e-01
3.997502367191372308e-01
2.117936835987688227e-01
2.292616457571974298e-01
-2.727041281357346914e-01
1.548336216561569112e-01
8.240007327042646601e-01
9.377808980011649309e-01
6.088100100322552111e-01
7.991148183500395435e-03
4.107560404439886681e-01
-1.767890740252130513e-02
4.021817690477267337e-01
-6.658910670052517466e-02
-4.267779732534759396e-01
1.233289400915664608e-01
-6.023149004589419819e-01
1.488853730551791266e-01
-7.258773934290048135e-01
-2.397608310765463047e-02
3.621830486056072385e-01
6.567455676063772563e-01
2.909881662390201851e-01
1.560595575601706753e-01
-5.164062253577921674e-02
1.975522963310743368e-02
7.457079126355384280e-02
-3.338465893124879791e-02
-4.793248346121268821e-01
2.622060719792682626e-01
1.055011954434346977e-02
-2.657017672501648109e-01
-4.431569992233114763e-01
