-2.305826481971562369e-01
-1.020931368681530366e-02
4.794560468669746556e-02
-4.290903570141729739e-02
-2.479709775120410853e-01
6.859423126196552423e-02
7.616266207133953747e-02
-4.884804896866960094e-02
9.655978209289726166e-01
-5.063897428309525883e-02
7.345528514555763056e-02
9.700775147420079292e-02
9.281039677698865731e-02
-9.381919703906534125e-02
-2.289342744402053653e-01
-2.992116608974839109e-01
1.880799336103711472e-01
-4.127421753496892110e-01
1.896988530923416835e-03
1.621388987376096436e-01
-2.116484757039882314e-01
1.051771079951522303e-01
1.049988922539693281e-01
4.299521622548050370e-01
1.110977100678796209e-01
-9.960165404089255103e-02
-4.380558955574072044e-01
-9.583853101126577068e-02
2.088715536044414081e-02
-6.317413269327146197e-02
-4.290592799358321219e-02
4.917851700554999317e-01
-6.506093293235812869e-01
-1.008965273099710416e-02
-1.001546597586974591e-01
1.521381817790639079e-01
2.635249098575930815e-01
-1.630487681440834780e-01
4.560631728816217367e-01
2.151917454449273764e-02
1.498809497557917758e-01
1.886126666230323046e-01
-8.931964917635862311e-02
-4.203980258484506238e-02
2.105141919862658084e-01
-4.004659075610702557e-01
1.425063225957367008e+00
-1.700418615097957220e-01
8.050793302399258944e-02
-1.185262413043222246e-01
-1.988767599838149047e-01
6.057519739450972773e-01
3.388984269812631567e-01
5.889347855785743990e-02
1.566551192232614742e-01
6.807336966481918050e-02
-2.185758234439194037e-01
-7.714779804997748958e-01
2.810544585003377782e-01
-1.490742522680145177e-01
-4.752594996287096696e-01
-3.055697145850284208e-02
-9.434218365606170109e-02
-3.675336200972481593e-01
-4.128791827302845108e-01
9.551911834404196167e-02
-1.220552275355358957e-01
-4.493095919318204623e-01
1.690961848300092940e-01
1.851866855922110755e-01
9.759661058448354520e-02
-4.734124390619460221e-01
2.329286612488603581e-01
7.033741088076621573e-01
7.746542659061818048e-01
4.123186276422980412e-01
-4.306281248624221208e-02
3.943928537786605126e-01
-1.891515087006388415e-02
5.761276721718134874e-01
-6.025597287537898250e-02
-2.435973508440759938e-01
3.277811667376452631e-02
-6.712730853939121722e-01
1.010199194401364686e-01
-5.753673718545628812e-01
7.925972760960152408e-02
-6.219737193775500689e-02
5.548868075634370012e-01
5.110773926895504360e-01
5.074336433194052143e-01
3.279609807057368709e-01
5.161334095023052682e-02
3.100080925698600609e-01
3.786540345910099914e-01
-6.881172763291865113e-01
4.374531143435379799e-02
-5.414128297634847320e-02
-3.284089018590747450e-02
-1.764454179837640080e-01
