-7.964219912853658101e-02
-1.693146647569644947e-01
3.650143430251552579e-02
5.395838449323171054e-02
-2.710174651478477470e-01
-1.533586620008828005e-01
1.285541578856725653e-01
6.821808790551259390e-03
1.168048979147842115e+00
-2.995009034087761091e-01
-2.236663500093668058e-02
9.072671691714377651e-02
4.335131481575791312e-01
-6.931817050508991274e-02
-1.352314300724763163e-01
-4.463642021679991023e-01
1.162975681415323453e-01
-2.720770689785899088e-01
-1.170930261241706627e-01
1.387153496363580929e-01
9.135692862826885405e-03
3.485379682912629479e-03
2.300147117004905720e-02
5.203911323352296003e-01
-2.474363965852245315e-02
-3.581690277571823455e-01
-4.139732887597264988e-01
1.210677925534393434e-01
-1.324964236500682513e-01
7.004182088665734940e-02
-9.829654455516476097e-02
5.984705603860314138e-01
-4.757007211026081928e-01
2.021449806546616115e-02
-3.123772867009928511e-01
2.707784900880343404e-01
3.165715169144488472e-01
-1.706997192724286905e-01
3.074747213756793274e-01
4.692604817181497689e-02
3.555852692771028223e-01
1.139419658083058590e-01
-9.255106017073731761e-02
6.425586085051665508e-02
3.180723931781867519e-01
-5.691060187807177595e-01
1.282805147509578969e+00
-2.625223051128663387e-01
2.251397928337442733e-01
-2.055622657080607152e-01
-1.524206499275433113e-01
6.494008602487223447e-01
4.233243527421526875e-01
2.269504008984736532e-02
2.285880136068241530e-01
2.855899112200840362e-01
-2.672536547940930207e-01
-8.545183030638571209e-01
4.642942617919097459e-01
-1.016808559491764047e-01
-3.995860728488508373e-01
-9.370863214721678047e-02
-4.174215344893266733e-01
-4.745321611162082731e-01
-6.311732230760535023e-01
-1.748778065973320001e-02
-1.276742401139349392e-01
-4.702982085693226955e-01
3.594887756780656973e-01
2.727294522227500240e-01
1.314617474375371076e-01
-3.014159413189858583e-01
1.907890298604929535e-01
8.347141361951375682e-01
8.698740238847068040e-01
5.890848494649413292e-01
-3.606261580204746936e-02
4.478188056279920892e-01
6.901031983598147901e-02
3.997444536751923461e-01
-1.261779593584529124e-01
-3.818524990687993115e-01
7.506477175240096333e-02
-6.565003676349965289e-01
1.102246417092542646e-01
-7.304403639124993353e-01
-6.276644917760304532e-02
2.642051184316513424e-01
6.287538593026295031e-01
3.513294266979185010e-01
1.998730581208349177e-01
5.818947133207095362e-02
-1.706857929043072847e-02
1.678923395566243870e-01
9.770689561899736919e-02
-4.803071242156976006e-01
1.998898851323301085e-01
3.166861536450577084e-03
-2.125032469597438745e-01
-3.352743320702193941e-01
