-5.533851191560885951e-02
-2.041952963860137471e-01
6.191936346464941426e-02
-2.176333546900504831e-02
-2.438127892734392177e-01
-2.189258668307621225e-01
1.565690252145892358e-01
-6.044035906005445699e-03
1.151821925142169523e+00
-3.561767079586033447e-01
-3.904080460738771491e-02
7.328208393390338304e-02
4.783684194690024372e-01
-2.256141526542387518e-02
-9.368769061806508924e-02
-5.017958661902693906e-01
4.216728914594491950e-02
-2.821959697290719604e-01
-1.434261392409902636e-01
4.084758209328856471e-02
-6.338539722587968432e-03
1.067231633914510029e-02
7.883288485440882731e-02
5.413837515046427962e-01
-1.479309990219728477e-01
-4.150268435588113092e-01
-4.313569132172070386e-01
1.481571244061831716e-01
-1.932602736246167574e-01
5.826534718583025602e-02
-5.500598624930376490e-02
6.659519343128805779e-01
-4.928301548454975256e-01
3.385952766650687784e-02
-3.618054179353385469e-01
3.281252953739829392e-01
3.129908889098335645e-01
-1.373456930038257917e-01
3.067997205634759306e-01
5.088707312742931504e-02
3.866855627456832756e-01
1.688040165059520592e-01
-5.991202368225901492e-02
6.848097421451015965e-02
3.842391092919733575e-01
-6.208501629198115435e-01
1.201771897241745268e+00
-3.782974223535538472e-01
3.277883855296301885e-01
-2.231429205622635359e-01
-1.008715657683198902e-01
5.532352866543344128e-01
5.110010417548866979e-01
1.110926542403996645e-02
2.940705184050583787e-01
3.052316063242479505e-01
-2.405307720326118615e-01
-9.104412725036511445e-01
4.832558142231208609e-01
-1.683354602703981406e-01
-3.161223527846612757e-01
-7.692486853881405628e-02
-4.482542320862929475e-01
-4.994323973057881449e-01
-6.323001412574187352e-01
-3.865535369138135835e-02
-1.368443954000005680e-01
-4.975313569777563005e-01
4.008790698320751633e-01
2.357014405020344816e-01
1.856664326428885681e-01
-2.314911100603645466e-01
1.699810925509028792e-01
8.397614849650681945e-01
9.470600571455040084e-01
6.192103628171883312e-01
-2.805029821003024101e-02
4.530167364954970077e-01
4.932500722106096525e-02
3.866184798701650660e-01
-9.447348899342827844e-02
-4.434037344000056335e-01
6.827117613215921699e-02
-5.643768385412037958e-01
1.069725927874146942e-01
-7.636774677015427670e-01
-5.252440186980504577e-02
3.070358318957570054e-01
6.823726412228302562e-01
3.183162177978066665e-01
1.089353934578627114e-01
-1.115236213360755596e-01
3.219024558770743061e-02
7.610391930008310324e-02
-2.182239847414814762e-02
-4.282850230110462064e-01
1.582680511831461023e-01
1.053152080413825714e-01
-2.175163038976528906e-01
-3.849525207003695604e-01
