7.083703782836150986e-02
-1.321808382129113502e-01
5.019796199714856438e-02
-1.213715623658205151e-01
-2.637863735667947962e-01
-2.303777034365799559e-01
5.151032014148652916e-02
-5.529995013303749124e-02
1.186960232080339184e+00
-4.347070514665921093e-01
-3.620846242760349110e-02
1.077029881272326822e-01
5.225150355321737106e-01
-6.477934289448498972e-02
-4.236660397447272047e-02
-5.463990356629124800e-01
1.748122335446521125e-01
-3.057277500462348141e-01
-1.365837640511773088e-01
1.533273668598179353e-02
-2.649496587156676547e-02
1.388142358069288651e-02
1.158778802401158187e-01
5.881789636033782909e-01
-1.176913850876314671e-01
-4.929302567481499420e-01
-4.036591663436263633e-01
3.140950909312481554e-01
-7.953564057536768872e-02
1.438919909632440652e-01
-1.176468443061830932e-01
5.253081384803894860e-01
-4.750400243578898896e-01
9.915672514445114660e-02
-4.554571657483630909e-01
3.738656541929745170e-01
3.246952665479804212e-01
-2.419741339302410865e-01
3.220088084884195623e-01
5.089857317667008732e-03
3.927573626601409407e-01
6.377971231876476688e-02
-1.535119252444543947e-01
3.673164464109100746e-02
3.054939456377790408e-01
-6.025228816301333445e-01
1.267083762637331024e+00
-3.394864959830884987e-01
2.902659282873552016e-01
-2.532276609877769369e-01
-1.609692401801265937e-02
5.001525744567988374e-01
5.507366163508813361e-01
4.604976554005199563e-02
3.230621792376287549e-01
3.457511802689651748e-01
-3.245472195505977320e-01
-8.661824982135949424e-01
5.478333329422335751e-01
-1.418379634655567989e-01
-4.126058572048084128e-01
-9.302174672346022466e-02
-4.512724717394785978e-01
-4.711326549210104742e-01
-7.363443315703867009e-01
3.218529204620280276e-02
-9.319794441657625050e-02
-4.944334681824334998e-01
4.275874387248655428e-01
2.235200147496805012e-01
1.974556231238809023e-01
-3.540004476574776238e-01
1.059075660922595419e-01
8.495985650444698445e-01
9.691043792092511877e-01
6.320229003521481426e-01
-3.840015413325481054e-03
4.190063325465774868e-01
-2.325919229454853979e-02
4.282132721309970802e-01
-9.454871326926728159e-02
-4.356215792081463145e-01
2.657358422676573892e-02
-5.882527696132029416e-01
1.149236288402091938e-01
-7.573638758999110543e-01
-2.460937707426593193e-02
4.024750912250169010e-01
7.059207339193631636e-01
2.987639819652040951e-01
1.761721858632497306e-01
-3.450432574652281814e-02
6.956528493331282093e-02
9.388151979342503062e-02
-7.640264196957245735e-02
-4.476592485072651839e-01
2.542216443059500119e-01
4.152271344111940071e-02
-2.923836275602021972e-01
-4.424173837585858582e-01
