-1.907972150947585543e-01
-1.374810970870025788e-02
4.370865864452234267e-02
-2.695250016721247033e-02
-2.922338109262538342e-01
-1.863565628137650240e-02
8.247134698468658320e-02
-4.889146210471938259e-02
1.112185176399229425e+00
-1.284098687931784777e-01
3.139777830784132306e-02
9.596062626237555904e-02
1.923185985112302321e-01
-1.367943441172226049e-01
-2.646960759019903464e-01
-3.100454106423776723e-01
2.081918984833164288e-01
-4.412913033370827187e-01
-4.416819143352782723e-02
1.334159940673135814e-01
-1.226023093457676849e-01
1.449766019154815622e-01
1.010966945076537810e-01
3.922675474238421223e-01
8.305746587745127529e-02
-1.544273157843175370e-01
-4.271651579383571318e-01
-1.956695686029033196e-02
2.514084017328957477e-02
1.315124514425004658e-02
-7.444881612792818293e-02
4.200974725837020585e-01
-6.424416540191155711e-01
-7.251113851647674260e-03
-1.417451663669312689e-01
1.204507921941548043e-01
2.593083919645119972e-01
-2.466954959643109513e-01
5.242882601805688436e-01
7.710687045216514657e-02
2.350851896832231724e-01
1.793792863764259171e-01
-1.552611345797423881e-01
-4.338195060435782319e-02
2.222334184599543683e-01
-4.271136115805850841e-01
1.510231836300162556e+00
-1.350675884883077160e-01
6.881362961288260693e-02
-1.424936088935842837e-01
-2.773095524357814812e-01
6.455046874123827605e-01
3.157448646398358094e-01
5.103815893574777107e-02
1.882999587990837054e-01
1.352695861653104847e-01
-3.156441392399125245e-01
-7.960889305663959581e-01
3.579699270888753726e-01
-1.124192588080790423e-01
-5.256301489253097925e-01
-2.156273864395298178e-03
-1.825819161210974206e-01
-3.918519295985497530e-01
-5.091481641136372804e-01
1.528495163673662394e-01
-7.355478604262286058e-02
-4.929097213153568191e-01
2.143556207377320666e-01
2.336311448345174124e-01
1.317501724714979228e-01
-4.900600113409385172e-01
2.596192915676842072e-01
7.587384472073112063e-01
8.259226211131294182e-01
4.417768528579399390e-01
-7.252847598990322386e-02
4.420775643529969434e-01
1.643233637136750497e-02
5.397603852772597799e-01
-7.431292789731817894e-02
-2.939125639694071812e-01
5.661841809860865271e-02
-7.037099436877224390e-01
1.462456439882386383e-01
-6.591110062895384480e-01
7.422280167367008297e-02
5.494623882731920761e-02
5.882428721972582375e-01
4.579328457725779233e-01
4.717657021640825343e-01
3.038463152593324779e-01
-1.368426663315627095e-03
3.136328648529429497e-01
3.119432487422788558e-01
-7.093809168915888863e-01
1.189778498993112194e-01
-7.662662411814051555e-02
-1.043351832496547532e-01
-2.471463383136175418e-01
