-3.358907663183883629e-03
-1.558245300650147602e-01
7.374792550247007139e-02
-1.651561662628776850e-02
-2.426602314143779249e-01
-1.878830872095521576e-01
9.657765676906637786e-02
-6.425466396821565007e-02
1.203150777734869559e+00
-4.089384948611975990e-01
-3.636955836976712292e-02
9.675394144173278532e-02
5.448121510467851536e-01
-4.345212369730557661e-02
-1.031253176412443157e-01
-5.172927125175232899e-01
1.337535805502021447e-01
-2.830372643828602541e-01
-1.671684559515368984e-01
3.226601527541014727e-03
3.133433165018720962e-02
-2.320396140131296067e-02
8.296470173965640738e-02
5.391548414286849722e-01
-7.202600392855648681e-02
-4.909382593393711858e-01
-4.526809779630290853e-01
2.557527808858442997e-01
-1.465470684461019357e-01
5.652401704641339675e-02
-1.125498213435295047e-01
5.749169850498824230e-01
-4.677535664866870335e-01
1.242739438885063080e-01
-3.897693647970881803e-01
3.313386142918725019e-01
3.387692934980218729e-01
-2.198761677122120506e-01
3.042914550313161604e-01
1.463724045816531356e-03
4.039745513222824380e-01
8.650998494820885676e-02
-1.331809986990099282e-01
7.349391994682472062e-02
3.144603061412567513e-01
-5.880821959825354162e-01
1.244977916466420753e+00
-3.295413769175395413e-01
2.786718874092459219e-01
-2.364456014360678815e-01
-5.348712471878443175e-02
5.767340390495021563e-01
5.839186521305461675e-01
2.505662264121989030e-02
3.106199894399739314e-01
3.009467074175959378e-01
-2.429023922537771885e-01
-9.036755619958426466e-01
5.083179418441781117e-01
-1.583033809583900275e-01
-3.811672932696645311e-01
-6.659431566647158740e-02
-4.768834039039010486e-01
-5.108957066168099415e-01
-7.246030641296248298e-01
-4.771553123467102420e-02
-1.291978304942348055e-01
-4.785823872600937778e-01
3.634973238342531499e-01
2.441630149633324531e-01
1.851644556454900559e-01
-2.878398289194323834e-01
1.427811312804420363e-01
8.863445761866174388e-01
9.433317542448145243e-01
6.192289278698933641e-01
-1.323670341139661540e-02
4.472132319518610788e-01
1.788447206045233953e-02
3.943229197321627133e-01
-7.935657822730213251e-02
-4.352262584870482676e-01
8.390909120187327319e-02
-5.759945904586313281e-01
1.043840232683067443e-01
-7.894445994692269597e-01
-5.229891534799583491e-02
3.701508287446291234e-01
6.671228596874216876e-01
3.294904992889769457e-01
1.767256673462238303e-01
-7.378725509193870269e-02
6.913658306464893002e-04
1.094310538982354586e-01
-5.564249099951296129e-02
-4.709098907732656714e-01
2.180926574612875868e-01
2.495186656861394375e-02
-2.563909176328063588e-01
-4.199244635029567019e-01
