-2.902702244449147095e-02
-1.868314851142551247e-01
9.473391221528344730e-02
4.266253335049392109e-03
-2.229864356669832293e-01
-1.604088822878029785e-01
1.399444177157697367e-01
-4.178475155528636742e-02
1.230339510415026760e+00
-4.303537574525301279e-01
-4.683216691569681844e-02
7.211117781609804878e-02
5.345971275382784826e-01
-2.698716014149363587e-02
-1.096489824115695760e-01
-4.980255296765128126e-01
1.142728071044135513e-01
-2.893081770345530268e-01
-9.239915493038861061e-02
1.503993166678496349e-02
2.349119422913779551e-02
-1.627013706179982963e-02
9.411917649798706709e-02
5.363358310976527044e-01
-1.224368241470442514e-01
-4.979326541214022517e-01
-4.474391955194564341e-01
2.500500048120721797e-01
-1.880359470700478097e-01
1.075607569501791372e-01
-1.233168026035673104e-01
5.460623575426329923e-01
-4.824710407436588744e-01
1.197106067746974839e-01
-3.891679509405457371e-01
3.546951202910667567e-01
3.525696961254713435e-01
-1.964755440773989781e-01
2.999704872502567676e-01
-4.134869803281438112e-03
4.181790920324138794e-01
1.104536592868092665e-01
-1.010142240357009558e-01
8.832749542595494385e-02
3.369755505852300992e-01
-5.920144508859189747e-01
1.292709479173379306e+00
-2.965018050192896326e-01
2.591801250884901986e-01
-2.277902936361209940e-01
-8.909491190135324090e-02
6.171674171926530006e-01
5.158325235451705071e-01
9.340049618887430460e-02
3.731178221846010445e-01
2.876733709422831242e-01
-2.849079798447241019e-01
-9.683664114136677492e-01
5.236760888099266653e-01
-2.176231421476378936e-01
-3.525940719109509902e-01
-7.612413555877463323e-02
-4.774602699240197423e-01
-4.626261577480388354e-01
-7.586069554908489998e-01
-2.465118593875459743e-02
-1.457133134549856435e-01
-4.840705256623096253e-01
3.487371745670209688e-01
2.954326213991132488e-01
1.912243977337581002e-01
-3.040341295684427791e-01
1.479481571222094338e-01
8.500816316416518470e-01
9.110814054816011032e-01
5.863143348957277068e-01
-2.779104224518502003e-02
4.551265501539745184e-01
4.603464220880686825e-02
3.492241273256692091e-01
-1.151023614555647806e-01
-4.246864047703228229e-01
7.911754039785340309e-02
-6.175497324638449248e-01
9.491952129677785899e-02
-8.096943453495013543e-01
-3.280226425501871906e-02
3.438644645385420806e-01
6.933938985968380875e-01
3.572214525772977600e-01
1.780417393764519018e-01
-8.345382144957056922e-03
-8.802194854960181808e-04
1.290434222167090306e-01
-2.315538345924307226e-02
-4.665066096770900672e-01
2.371742445050371018e-01
2.919357103995725775e-02
-1.906221775560399678e-01
-4.341954491897840329e-01
