2.267242125115699798e-04
-1.029213969244089089e-01
1.280055683506696809e-02
-1.194905497372968778e-02
-2.344849575991593549e-01
-1.160720921283845686e-01
5.628021417449960428e-02
-2.508718331547978020e-02
1.164077297280005308e+00
-3.535150563830691817e-01
-4.174425150471108847e-02
8.560014023283725459e-02
4.738584379308465322e-01
-7.429984004951636911e-02
-7.895160866704593883e-02
-5.116580245212651867e-01
2.527398798349406173e-01
-3.587374052741999497e-01
-6.175439426873801513e-02
6.042584616515064844e-02
-1.969746102419679679e-02
5.656406240146155456e-04
1.509614720420884848e-01
5.580810991758503592e-01
-4.138546338386821233e-02
-4.145792415853539747e-01
-3.934248399676093522e-01
3.061418295515080379e-01
-7.540924269557899851e-02
1.563834563520458965e-01
-1.222254664032087768e-01
4.456848047750652242e-01
-4.770594683071528452e-01
1.469572208906339272e-01
-3.976818193967325277e-01
3.028069102277859970e-01
3.476759965576622369e-01
-2.377527394493585966e-01
3.469183301937969199e-01
-7.621199818886074950e-02
3.128232794278555939e-01
8.689627607838877610e-02
-1.291949541876187546e-01
1.401551870162992715e-02
2.986825189301361982e-01
-5.040138632612762848e-01
1.275389619222963900e+00
-2.706831031848927482e-01
2.262945869244881170e-01
-2.417900570556777706e-01
-1.125198403849879542e-01
5.931543909816703319e-01
4.638499269116521107e-01
7.108965926801444346e-02
2.975033247515643242e-01
2.304195242708320657e-01
-3.487963752307823295e-01
-8.614628494649140267e-01
5.010796776466415192e-01
-1.344639996355781186e-01
-4.360015311576179164e-01
-9.802934408012595191e-02
-4.527718305016833478e-01
-4.270485810068693211e-01
-6.960304229520118957e-01
1.000406190408781662e-02
-1.212666975431110211e-01
-5.533914656172727042e-01
3.530646113236728389e-01
2.897797451624373744e-01
1.526359133472109109e-01
-4.322243338557276160e-01
6.971214198891678704e-02
8.185208645833205177e-01
8.513635003860453576e-01
5.759261380930666974e-01
-2.756209627207110990e-02
4.613920854541257444e-01
4.994053194823435543e-02
3.655890683436462396e-01
-1.408325014161340982e-01
-3.599963280837419899e-01
2.248697839219097883e-03
-6.492588282429646585e-01
8.854786321666131832e-02
-7.425350879176718655e-01
3.559078118431217765e-03
2.833994561215896213e-01
7.122938585833763492e-01
3.257371470290972293e-01
2.478284412151976479e-01
1.191579243547166711e-01
2.059968000405961938e-02
1.700288085115072567e-01
-1.180910313103418485e-02
-4.903307347960255136e-01
2.578919891881382709e-01
-4.126020478978670997e-02
-2.288721987815168224e-01
-4.207077604188007025e-01
