-9.909409761065324229e-02
-1.117912576465385638e-01
7.264860151900132124e-02
6.815324410840686853e-02
-2.969246683693425037e-01
-9.635066130579560129e-02
8.967493526663694592e-02
-3.608968104784633819e-03
1.184908320895134093e+00
-2.837026184182531718e-01
1.089320800195713902e-02
1.228552050034087545e-01
3.174741356181152163e-01
-1.382408185005963852e-01
-1.618229925198609309e-01
-4.106060110119643669e-01
2.208060478580936847e-01
-3.600160142951944198e-01
-4.398981991938559488e-02
1.536951133929487512e-01
3.011569232683285798e-03
5.704884612032976032e-02
6.731360408043879362e-02
4.665350406721834875e-01
-2.119088040195086370e-02
-3.198439114404604267e-01
-4.066852783988417763e-01
1.322858206552463556e-01
-2.422467993405726799e-02
1.016107020949578443e-01
-1.382948755588910839e-01
4.655001117392777443e-01
-5.466088676745645136e-01
8.779737106411331093e-02
-2.518569877598591522e-01
2.014042007009261837e-01
3.338905246887475808e-01
-2.641895387545041829e-01
3.653790046022524218e-01
2.943742181176552120e-02
3.057942475578641073e-01
9.417637303099035684e-02
-1.654589696002978227e-01
2.714895316609337514e-02
2.486875735615724781e-01
-4.762845695577106464e-01
1.451803922701894400e+00
-1.937346473818059023e-01
1.251404037463799135e-01
-1.928750918252102597e-01
-1.994280050441605279e-01
6.639968474106671126e-01
3.676423860665853360e-01
6.453693822321887597e-02
2.289298314743258567e-01
1.826191301997211469e-01
-3.142186480676442684e-01
-8.065064365910021849e-01
4.265858271675375124e-01
-1.359714189376790283e-01
-4.996612342426382525e-01
-7.079949061842780167e-02
-3.313073006675292254e-01
-4.311766693354830982e-01
-6.444199834468714583e-01
6.831829187109640655e-02
-1.098514816826824531e-01
-5.367701293061388768e-01
3.216155588339159599e-01
2.843970199927887132e-01
1.407042306603392134e-01
-4.837689666030101088e-01
1.775715443052534870e-01
8.227260641928106910e-01
8.943020047438628994e-01
5.564533091710618384e-01
-7.083675618847436184e-02
4.575117413438389846e-01
6.056600073812161422e-02
4.513621437819620441e-01
-1.335782261802735682e-01
-3.453732568373686362e-01
1.083566283302114935e-01
-7.210512491056804141e-01
1.021835094316344561e-01
-7.240018045601046559e-01
-1.211515566156158748e-02
1.938087000357110179e-01
6.303030945361703941e-01
4.205385575031082013e-01
3.721303949939830380e-01
2.640868938683476608e-01
-1.902018751141635461e-02
2.331602680473600364e-01
1.740886692059883667e-01
-6.084498230082574510e-01
2.465522151354169744e-01
-7.190392489908455087e-02
-1.547415822758612669e-01
-3.226586382385234208e-01
